[[[     555.71       295.8]
  [     560.56      290.64]
  [     550.02      290.99]
  [      567.7      295.05]
  [     541.24      295.78]
  [     581.52      330.44]
  [     527.69      330.47]
  [     594.88      373.25]
  [     516.73      372.92]
  [      599.3      410.32]
  [      512.5      412.66]
  [     574.12       420.5]
  [     538.24      420.76]
  [      578.8      485.07]
  [     536.53      484.88]
  [     578.36      547.34]
  [     538.91      547.88]]

 [[     673.73      302.17]
  [        679      297.56]
  [     668.54       297.5]
  [     687.16      301.95]
  [     660.03      301.56]
  [     701.35       334.8]
  [     644.85      335.74]
  [      715.6      374.78]
  [     636.28      379.21]
  [     719.53      414.12]
  [     633.97      418.46]
  [     696.11      422.25]
  [     658.61       423.3]
  [     701.74      487.92]
  [     662.78      488.32]
  [     704.25      549.69]
  [     665.83      549.53]]]