[[[     520.33      325.45]
  [      520.6      321.31]
  [     514.84      322.18]
  [          0           0]
  [     501.68      325.19]
  [     524.95      348.21]
  [     488.29      351.15]
  [      530.9      377.97]
  [     483.22      386.51]
  [      542.1      402.36]
  [     491.32      417.24]
  [     528.26      416.22]
  [     502.59      419.44]
  [     541.17      464.83]
  [     503.16      469.22]
  [     543.77      510.38]
  [     502.49      516.81]]

 [[          0           0]
  [          0           0]
  [          0           0]
  [     610.76      330.06]
  [          0           0]
  [     615.46      350.76]
  [      644.8      348.57]
  [     610.77      386.22]
  [     651.97      381.67]
  [     604.69      416.96]
  [          0           0]
  [        623      417.52]
  [     640.72      416.03]
  [      629.3      471.32]
  [     627.11      468.78]
  [     640.42      524.17]
  [      621.5      519.06]]]