[[[     693.85      335.81]
  [     696.88      332.21]
  [        690      332.64]
  [     702.76      333.63]
  [      683.8      334.72]
  [     716.53       353.8]
  [     674.45      357.22]
  [     735.88      374.04]
  [     664.32      383.74]
  [     724.76      395.74]
  [     669.42      407.32]
  [     710.26      419.58]
  [      682.8      420.66]
  [     712.15      469.04]
  [      683.5      469.37]
  [     716.32      514.46]
  [     682.71      513.85]]

 [[     605.83       329.3]
  [     607.98      325.19]
  [     600.64       326.5]
  [     612.09      326.96]
  [      592.8      330.04]
  [     625.71      351.33]
  [     584.39      352.65]
  [     634.05      382.66]
  [     574.79      380.26]
  [     631.68      410.69]
  [     575.55      399.85]
  [     618.95      415.98]
  [     591.06      416.35]
  [     622.11      465.07]
  [     586.92      464.61]
  [     624.61      511.39]
  [     588.75      510.37]]]