[[[     473.36      226.39]
  [     483.47      217.89]
  [     462.87      216.27]
  [     495.17      228.27]
  [     444.02      224.52]
  [     512.32      291.54]
  [      418.1      288.23]
  [     537.24      368.75]
  [     383.42      364.03]
  [      547.1      434.33]
  [     374.02      442.05]
  [     499.97      449.76]
  [     437.89      450.37]
  [     516.75       561.4]
  [     424.24      566.77]
  [     513.28      669.97]
  [     422.98      683.26]]

 [[     653.38      221.04]
  [     665.27      209.01]
  [     647.52      210.51]
  [     696.63      211.15]
  [          0           0]
  [     724.71       279.6]
  [     655.54      281.42]
  [     747.05      381.45]
  [     654.59      375.92]
  [     724.49      467.02]
  [     633.03      444.79]
  [     702.46      470.37]
  [     658.45      469.15]
  [     718.74      608.98]
  [     674.78      601.59]
  [     733.66      717.93]
  [          0           0]]]