[[[     578.57      293.37]
  [     583.25      287.57]
  [     571.96       288.6]
  [      590.7      291.34]
  [     562.07      293.68]
  [     606.22      328.45]
  [     549.17      331.65]
  [     619.49      371.73]
  [      538.3      376.25]
  [     628.96      409.42]
  [     529.02      416.74]
  [     601.43      421.21]
  [     562.63      423.29]
  [     610.69      486.28]
  [     558.46      489.66]
  [     614.92      548.68]
  [     561.45      552.75]]

 [[     687.96      291.68]
  [     691.73      285.47]
  [          0           0]
  [     711.05       286.1]
  [          0           0]
  [     732.18      320.55]
  [     709.28      321.45]
  [     707.74      343.73]
  [          0           0]
  [     700.62      306.55]
  [          0           0]
  [     724.37      426.41]
  [     707.06      424.52]
  [     730.67      504.44]
  [     707.84      497.34]
  [        747      575.27]
  [     724.65      566.13]]]