[[[     980.59      21.283]
  [     1009.7           0]
  [          0           0]
  [     1115.8           0]
  [          0           0]
  [     1218.8      137.58]
  [     979.49      161.49]
  [       1280      348.79]
  [     947.91      368.18]
  [     1196.5      577.98]
  [     896.33      494.11]
  [     1109.1      601.41]
  [     943.99       596.6]
  [          0           0]
  [          0           0]
  [          0           0]
  [          0           0]]

 [[     650.63      105.42]
  [     670.09      92.018]
  [     633.29      87.412]
  [     687.91      113.27]
  [     601.52      102.15]
  [     705.72      225.35]
  [     545.54         210]
  [      723.4      354.85]
  [      495.3      333.81]
  [     734.81      465.85]
  [     467.93      456.02]
  [     652.86      502.84]
  [     545.54      494.13]
  [     633.25      700.07]
  [     525.02      695.63]
  [          0           0]
  [          0           0]]]