[[[     702.76      335.24]
  [      706.7      331.48]
  [     699.35      331.11]
  [     712.91      330.61]
  [        693      329.73]
  [     723.02       344.9]
  [     683.14      348.57]
  [     745.36      358.68]
  [     671.69      370.14]
  [     740.87      377.97]
  [     678.58      386.31]
  [     719.56      410.58]
  [     693.73      412.24]
  [     722.45      458.52]
  [        695      459.01]
  [     725.76      506.87]
  [     692.34      505.01]]

 [[     621.25      321.67]
  [     623.06      317.87]
  [     616.02      318.57]
  [          0           0]
  [     605.91      322.47]
  [     633.18      345.94]
  [     594.36      347.13]
  [     642.92      374.78]
  [     586.26      377.02]
  [     646.19      403.47]
  [     593.09      405.67]
  [     629.38      410.42]
  [      603.3      411.72]
  [      636.1      456.71]
  [      601.9      458.83]
  [     638.75      501.09]
  [     602.07      503.09]]]