[[[     580.47      341.47]
  [      582.5      338.05]
  [          0           0]
  [     590.75      337.16]
  [          0           0]
  [     605.47      356.18]
  [     587.58      358.26]
  [     613.25      387.47]
  [     585.06      390.64]
  [     612.73      417.98]
  [     574.85      414.71]
  [     598.78      419.92]
  [     587.49      420.06]
  [     602.84      468.23]
  [     591.76      466.66]
  [     609.02      513.71]
  [     598.53      511.26]]

 [[      520.4      337.15]
  [          0           0]
  [     517.97      333.52]
  [          0           0]
  [     506.85      333.22]
  [     514.59      355.36]
  [      486.4       354.2]
  [     515.86      385.09]
  [     478.47       385.1]
  [     523.34      411.26]
  [     487.74      412.81]
  [     514.33      418.36]
  [     494.78      419.12]
  [     520.63      465.05]
  [     491.58      465.36]
  [     518.22       508.4]
  [     487.52      509.02]]]