[[[     592.54      318.65]
  [     598.51      315.13]
  [     590.91      314.42]
  [     612.48      319.89]
  [          0           0]
  [     627.93      350.54]
  [     580.15      349.34]
  [     642.09      386.83]
  [     572.14      384.01]
  [     647.83      420.74]
  [     567.21      418.87]
  [     620.42      429.21]
  [     587.67      428.84]
  [     624.41      485.48]
  [      582.7       486.2]
  [     625.27      539.74]
  [      575.7      542.41]]

 [[     689.25      322.16]
  [     695.27      317.47]
  [     687.74      317.05]
  [     711.44      319.75]
  [          0           0]
  [     724.93      350.21]
  [      694.8      350.49]
  [     717.91      386.32]
  [     698.71      394.65]
  [     677.34      382.57]
  [      679.5      415.74]
  [     718.17      435.11]
  [     696.53       433.2]
  [      723.4      499.54]
  [     705.53      494.06]
  [     734.88      560.18]
  [     717.21      553.49]]]