[[[      203.5      446.38]
  [     214.09      439.93]
  [     200.89      438.25]
  [     237.75      446.89]
  [          0           0]
  [     260.27      493.58]
  [     183.76      490.68]
  [     290.72      551.34]
  [     169.71      543.82]
  [     260.55      600.88]
  [     163.74      587.89]
  [     239.55       619.9]
  [     188.63      617.57]
  [      242.2      704.84]
  [     188.73       704.8]
  [     250.94      794.37]
  [     198.51      792.92]]

 [[          0           0]
  [          0           0]
  [          0           0]
  [          0           0]
  [     44.324      456.84]
  [          0      506.27]
  [     69.475      507.15]
  [          0           0]
  [     83.761      582.96]
  [          0           0]
  [          0           0]
  [          0           0]
  [     49.399      635.64]
  [          0           0]
  [          0           0]
  [          0           0]
  [          0           0]]]