[[[     265.76      454.67]
  [     275.05      448.28]
  [     262.53      447.03]
  [     294.97      453.22]
  [          0           0]
  [     317.64      497.08]
  [     245.89      494.77]
  [     347.78      550.25]
  [     232.31      542.43]
  [     317.83      593.94]
  [      226.4      584.58]
  [      298.7      614.61]
  [     252.37      612.64]
  [     300.39      694.08]
  [     257.38       694.7]
  [     300.94      777.13]
  [     263.39      775.54]]

 [[          0           0]
  [          0           0]
  [          0           0]
  [     87.477      464.53]
  [      126.3      464.97]
  [     55.424      513.59]
  [     152.34      512.23]
  [     37.152      582.64]
  [      176.9       584.2]
  [     47.452      624.31]
  [     178.22      635.09]
  [     67.078         655]
  [     131.65      653.82]
  [          0           0]
  [          0           0]
  [          0           0]
  [          0           0]]

 [[          0           0]
  [          0           0]
  [          0           0]
  [     89.971      461.28]
  [     127.45      461.41]
  [     56.779      515.28]
  [     152.22      513.96]
  [     34.034      582.39]
  [     179.28      582.25]
  [          0           0]
  [     182.74      629.28]
  [     69.276      652.86]
  [     134.01      651.82]
  [     72.679      724.49]
  [     139.05      720.74]
  [     80.408      820.89]
  [     135.64       817.5]]

 [[     50.419      460.81]
  [     52.036      453.71]
  [     39.732       454.5]
  [          0           0]
  [     14.422      462.48]
  [      49.61      503.61]
  [      5.763      503.87]
  [          0           0]
  [     0.5856      563.52]
  [          0           0]
  [          0           0]
  [     45.599      618.21]
  [     16.084      620.17]
  [          0           0]
  [     39.732      690.03]
  [          0           0]
  [          0           0]]]