[[[     311.24      379.34]
  [     324.85      370.77]
  [     307.53      368.32]
  [     354.04      379.75]
  [          0           0]
  [     380.07      435.84]
  [     297.21      433.78]
  [     409.07       512.1]
  [     283.78      508.08]
  [     370.48      577.85]
  [     268.12      565.71]
  [     350.93      596.82]
  [     295.16      593.57]
  [     347.63      708.11]
  [     275.27      703.28]
  [     335.37      814.75]
  [     272.38       808.8]]

 [[          0           0]
  [          0           0]
  [     73.528      366.72]
  [          0           0]
  [     57.357      373.13]
  [          0           0]
  [     79.555      440.59]
  [          0           0]
  [     102.52      542.27]
  [          0           0]
  [     116.04      587.22]
  [          0           0]
  [     60.277      625.22]
  [          0           0]
  [     56.194      759.57]
  [          0           0]
  [     45.368      903.84]]]