[[[     464.14      439.32]
  [     473.31      433.28]
  [     461.71       432.1]
  [     494.04      439.73]
  [          0           0]
  [     514.96      485.52]
  [     446.78      482.82]
  [     539.06      543.42]
  [     436.22      533.75]
  [     513.76      590.34]
  [     428.04      574.54]
  [     496.34      604.88]
  [     450.27      602.85]
  [     502.05      687.24]
  [     452.81      687.36]
  [     509.66      770.84]
  [     459.23      768.68]]

 [[          0           0]
  [          0           0]
  [          0           0]
  [          0           0]
  [     327.14      452.63]
  [     258.72      504.61]
  [      343.4      500.87]
  [      242.4      575.52]
  [     362.84      574.16]
  [          0           0]
  [     372.48      627.96]
  [     270.25      637.58]
  [      326.1      635.98]
  [     291.46      727.96]
  [     336.23      726.51]
  [     292.68       820.8]
  [     329.17      824.15]]

 [[     261.29      454.87]
  [          0           0]
  [     253.55      447.21]
  [          0           0]
  [     232.34      450.52]
  [     258.01      494.22]
  [     211.68      494.78]
  [          0           0]
  [     220.01      557.06]
  [          0           0]
  [     253.93      580.18]
  [      251.5      614.75]
  [      215.6      616.91]
  [     255.77      699.09]
  [     204.54      705.09]
  [     246.82      789.14]
  [     193.54      797.01]]

 [[     263.33       453.4]
  [          0           0]
  [      255.4      447.43]
  [          0           0]
  [     231.34      456.91]
  [     257.92      502.01]
  [     209.89      499.56]
  [          0           0]
  [     215.21      561.11]
  [          0           0]
  [     256.34      585.39]
  [     255.21      617.55]
  [     219.47      617.69]
  [          0           0]
  [     222.31      705.77]
  [          0           0]
  [          0           0]]]