[[[     228.15      456.54]
  [     238.42      451.05]
  [     226.73      449.32]
  [     261.74      459.75]
  [          0           0]
  [     283.31      505.31]
  [     207.27      503.45]
  [     313.66      560.82]
  [        193      556.69]
  [      279.3      608.42]
  [     188.63      599.28]
  [     262.45      628.43]
  [     211.93      626.44]
  [     262.23      710.79]
  [     215.24      711.63]
  [     263.65      800.01]
  [     223.37      795.54]]

 [[          0           0]
  [          0           0]
  [          0           0]
  [          0           0]
  [     76.183      470.31]
  [      7.441      517.81]
  [     94.627      521.01]
  [          0           0]
  [     115.54      595.28]
  [          0           0]
  [          0           0]
  [     13.256      659.07]
  [     74.331      660.23]
  [          0           0]
  [          0           0]
  [          0           0]
  [          0           0]]]