[[[     511.54      371.45]
  [     526.65       360.9]
  [     506.14      359.64]
  [     561.26      369.08]
  [          0           0]
  [     590.32      435.96]
  [     493.38      435.93]
  [      618.8      527.22]
  [     477.74       524.1]
  [     574.41      608.18]
  [     466.55      596.06]
  [     555.75      626.61]
  [     491.25      626.14]
  [     558.19      761.57]
  [     504.61      760.62]
  [     572.93      891.61]
  [     518.29       882.5]]

 [[          0           0]
  [          0           0]
  [          0           0]
  [          0           0]
  [     219.81      355.37]
  [     94.987      440.34]
  [     224.69      448.38]
  [          0           0]
  [     257.32      582.42]
  [          0           0]
  [      279.6      640.21]
  [     110.65      684.95]
  [     201.18      689.71]
  [     131.62      855.18]
  [     206.88      857.57]
  [     122.26      1021.2]
  [     194.37      1028.4]]]