[[[     203.54      478.64]
  [     213.97      473.05]
  [     202.68       471.6]
  [     239.28      482.75]
  [          0           0]
  [     262.61      529.82]
  [     187.88      527.54]
  [     292.78      585.61]
  [     173.65      580.05]
  [     263.28      636.52]
  [     167.67      624.57]
  [     242.14      655.69]
  [     191.45      653.26]
  [     243.52      741.63]
  [     191.75      739.63]
  [     247.99      828.52]
  [     201.73      825.33]]

 [[          0           0]
  [          0           0]
  [          0           0]
  [          0           0]
  [     52.931      492.76]
  [          0      542.78]
  [     75.281      546.59]
  [          0           0]
  [     92.728       624.5]
  [          0           0]
  [          0           0]
  [   0.048516      678.59]
  [     50.982      679.83]
  [          0           0]
  [          0           0]
  [          0           0]
  [          0           0]]

 [[          0           0]
  [          0           0]
  [          0           0]
  [          0           0]
  [     51.376      492.37]
  [          0      545.26]
  [     72.503      546.71]
  [          0           0]
  [     93.403      624.11]
  [          0           0]
  [          0           0]
  [          0           0]
  [     50.904      686.08]
  [          0           0]
  [     45.149      786.02]
  [          0           0]
  [          0           0]]]