[[[      277.6      407.53]
  [     291.21      397.06]
  [     271.73      396.24]
  [     323.17      403.39]
  [          0           0]
  [     355.61      465.15]
  [      257.3      465.33]
  [     390.35      545.55]
  [     243.08      543.88]
  [     354.98      617.99]
  [     234.37      609.35]
  [     333.23      638.85]
  [     268.57      639.14]
  [     337.23      758.59]
  [     272.29      759.17]
  [     337.39      874.37]
  [     279.65       869.8]]

 [[          0           0]
  [          0           0]
  [          0           0]
  [          0           0]
  [     31.708      401.78]
  [          0           0]
  [     47.817      476.54]
  [          0           0]
  [     68.183      584.09]
  [          0           0]
  [     82.751      651.38]
  [          0           0]
  [     28.612      678.92]
  [          0           0]
  [     18.174      828.68]
  [          0           0]
  [     6.5525      981.56]]]