[[[     799.96      485.48]
  [     804.82      480.18]
  [     794.16      480.25]
  [     811.89      484.41]
  [      783.9      484.08]
  [     825.09      519.71]
  [     767.86      520.09]
  [     835.16      561.19]
  [     755.23      563.67]
  [     836.48      597.84]
  [      762.2      604.33]
  [     817.88      611.65]
  [     779.44      612.37]
  [     823.12      677.11]
  [     775.92      678.48]
  [     819.25      738.44]
  [        772      740.79]]

 [[     908.45      497.68]
  [     913.41      493.16]
  [     903.58      493.11]
  [     920.43      497.35]
  [     893.87      496.51]
  [     930.14      532.44]
  [     875.99       530.3]
  [     941.36      571.13]
  [     866.96       569.7]
  [     945.64      605.54]
  [     866.59      610.54]
  [     921.56      615.11]
  [     885.72      614.43]
  [     922.57      676.17]
  [     886.94      674.88]
  [     923.14      736.78]
  [      882.5      735.09]]

 [[     1015.3      498.78]
  [     1019.9         494]
  [     1009.9      494.32]
  [     1027.7       498.2]
  [     1001.3      498.63]
  [     1041.3      531.85]
  [     987.77      534.05]
  [     1053.5      570.22]
  [     977.37      576.37]
  [     1052.7      607.93]
  [     985.25         611]
  [     1031.1      616.32]
  [     995.52       617.4]
  [     1032.2      677.05]
  [     996.79      678.36]
  [     1035.9      732.44]
  [     994.63      732.51]]]