[[[          0           0]
  [          0           0]
  [          0           0]
  [     793.73      326.39]
  [     875.55      327.04]
  [     764.56       410.2]
  [     917.87       396.6]
  [     722.43       537.5]
  [     992.89      517.75]
  [     728.09      627.92]
  [       1069       619.3]
  [     805.85      671.82]
  [     907.86      664.06]
  [     795.39      876.02]
  [     914.39      838.31]
  [     810.52      1048.7]
  [     923.35       992.3]]

 [[     97.566       347.9]
  [          0           0]
  [     82.237      324.33]
  [          0           0]
  [      19.54      315.25]
  [          0           0]
  [     35.912      401.08]
  [          0           0]
  [     91.383      541.99]
  [          0           0]
  [     194.77      595.32]
  [          0           0]
  [     35.419      717.93]
  [          0           0]
  [     157.33      870.35]
  [          0           0]
  [          0           0]]]