[[[          0           0]
  [          0           0]
  [     145.88      351.39]
  [          0           0]
  [     98.016      340.29]
  [          0           0]
  [     91.041      412.03]
  [          0           0]
  [     120.98      536.76]
  [          0           0]
  [     204.21      647.19]
  [          0           0]
  [     74.693      704.83]
  [          0           0]
  [     104.08      896.27]
  [          0           0]
  [          0           0]]

 [[     815.61      360.45]
  [          0           0]
  [          0           0]
  [     837.91      338.66]
  [          0           0]
  [      814.4      413.62]
  [     953.34      409.21]
  [     776.12      523.79]
  [        998      526.51]
  [     793.84      598.79]
  [     1021.8      615.68]
  [     842.55       651.3]
  [     942.47      649.16]
  [     814.48      810.11]
  [     930.02      830.56]
  [     826.26      972.97]
  [      922.8      1003.4]]]