[[[     341.49         317]
  [      360.8      303.95]
  [     324.11       299.6]
  [     379.99      324.73]
  [     290.35       314.7]
  [     405.08      422.41]
  [     241.15      416.45]
  [     444.21      539.33]
  [     192.41      531.34]
  [     449.49      645.01]
  [     161.37      641.23]
  [     366.71      681.84]
  [     258.43      679.22]
  [     371.89      860.58]
  [     219.71      866.96]
  [     332.93      1029.5]
  [     219.83      1050.2]]

 [[      872.3      370.76]
  [     886.89       358.7]
  [      858.6       359.3]
  [     911.07      374.95]
  [     840.02      376.03]
  [     942.38      465.52]
  [     810.87      467.23]
  [      971.9      568.35]
  [     785.57      570.22]
  [     972.44         658]
  [        807      654.57]
  [     924.86      673.64]
  [     837.42      675.29]
  [     919.89      827.43]
  [     836.57       830.2]
  [     921.06      965.19]
  [     828.29      970.39]]

 [[     616.02      358.51]
  [      631.3      345.43]
  [     600.98      344.74]
  [     653.81      358.57]
  [      576.3      357.31]
  [     687.51      445.99]
  [     539.27      443.58]
  [     709.77      545.68]
  [     514.18      540.38]
  [     640.77      594.65]
  [     569.62      607.65]
  [     659.72      665.17]
  [     559.01      664.57]
  [      655.6      834.32]
  [     556.35         835]
  [     659.52      990.45]
  [     560.92      997.25]]]