[[[          0           0]
  [          0           0]
  [      114.5      388.88]
  [          0           0]
  [     79.189      393.36]
  [          0      457.14]
  [      123.8      462.34]
  [          0           0]
  [     185.45      583.14]
  [          0           0]
  [      212.9      649.03]
  [    0.15027      692.87]
  [     88.493      697.63]
  [     15.507         857]
  [     104.38      850.97]
  [          0           0]
  [     88.126      1030.6]]

 [[     812.87      402.39]
  [     825.08      389.45]
  [     805.91      391.07]
  [     855.97      389.32]
  [          0           0]
  [     850.13      448.31]
  [      878.2      445.67]
  [     852.61      533.08]
  [          0           0]
  [     821.31      609.96]
  [          0           0]
  [     870.18      635.56]
  [     892.66      629.12]
  [     843.81      780.24]
  [     893.82      753.34]
  [     881.72      912.48]
  [     920.59      859.76]]]