[[[     961.89       476.3]
  [      968.3      469.93]
  [     954.26      470.82]
  [     978.76       476.9]
  [     942.91       478.7]
  [     994.93      522.25]
  [     927.34      525.34]
  [       1011      575.65]
  [     910.46      579.98]
  [     1009.2      627.59]
  [     922.54       628.6]
  [     983.13      635.27]
  [     938.58       637.2]
  [     982.93      716.88]
  [     938.39      720.66]
  [     984.25      792.12]
  [     933.45      795.62]]

 [[     827.92      476.01]
  [      834.9       469.9]
  [     820.91      468.81]
  [     842.21       475.2]
  [     806.24      471.65]
  [     853.48      518.92]
  [     781.51      516.89]
  [     868.67      571.59]
  [     764.14      571.28]
  [      873.3      621.14]
  [     762.41      623.57]
  [     843.71      631.41]
  [     796.75      632.11]
  [     840.57      716.87]
  [     796.35      719.96]
  [     842.63      799.61]
  [     795.67      803.11]]

 [[     701.34      458.98]
  [      705.9      450.89]
  [     691.48      451.44]
  [          0           0]
  [     671.41      455.58]
  [     721.23      503.05]
  [     647.63      502.08]
  [     738.69      563.73]
  [     629.55      562.96]
  [     746.37      614.31]
  [     629.25      620.25]
  [     709.81      630.08]
  [     660.12      630.32]
  [      716.8      720.99]
  [     650.16      721.71]
  [     706.68      810.06]
  [      640.2      811.75]]]