[[[       1061      456.76]
  [     1069.4       450.8]
  [     1057.7      450.65]
  [     1092.8      457.54]
  [          0           0]
  [     1132.8      499.08]
  [     1047.2       511.1]
  [     1184.6      531.57]
  [     1038.1      572.89]
  [     1153.6      564.28]
  [     1032.7      626.48]
  [     1124.2      633.99]
  [       1068      637.41]
  [     1142.3      731.68]
  [     1080.4      731.33]
  [     1158.9      826.43]
  [     1093.4      825.24]]

 [[     903.68      445.45]
  [     910.59      437.45]
  [     894.26      436.22]
  [          0           0]
  [     871.25      439.98]
  [     892.25      492.25]
  [     858.32      492.02]
  [     890.58      560.21]
  [     862.44      551.47]
  [     920.82      577.62]
  [     909.97      518.37]
  [     891.28      637.57]
  [     868.74      641.51]
  [     881.84         749]
  [     876.27      758.02]
  [     871.76      859.24]
  [     858.21      869.05]]]