[[[     1252.2      474.31]
  [     1257.3      468.48]
  [     1246.3      468.11]
  [     1263.1      470.43]
  [     1233.3      468.78]
  [     1276.2      506.62]
  [     1208.7      505.03]
  [     1294.1      547.37]
  [     1186.4      550.09]
  [     1299.1       585.5]
  [     1186.6      589.02]
  [     1261.4      600.34]
  [     1217.5      600.17]
  [     1266.5      668.43]
  [     1216.6       668.7]
  [     1263.2      737.15]
  [     1215.5      736.98]]

 [[     1363.6       481.7]
  [     1370.5      476.34]
  [     1362.8      476.33]
  [     1392.8      475.43]
  [          0           0]
  [       1422      508.13]
  [     1356.9      508.44]
  [     1436.1      553.42]
  [     1342.2      549.88]
  [     1419.3      595.62]
  [     1335.3       588.8]
  [       1405      606.22]
  [     1361.4       604.5]
  [     1410.1      678.68]
  [       1360      673.17]
  [     1413.9      747.52]
  [     1363.2      742.99]]

 [[          0           0]
  [          0           0]
  [          0           0]
  [          0           0]
  [     1184.2         480]
  [     1136.4      509.54]
  [     1160.7      515.24]
  [     1103.1      555.81]
  [     1124.7      560.47]
  [     1105.6      577.37]
  [     1113.3      582.95]
  [     1126.7      610.79]
  [     1143.6      614.29]
  [     1145.8      682.72]
  [     1148.5      687.79]
  [       1132      751.47]
  [     1135.6      758.38]]]