[[[     1269.4      456.52]
  [     1277.7      451.49]
  [       1267      450.43]
  [     1297.9      456.93]
  [          0           0]
  [     1322.2       495.8]
  [     1249.6      496.25]
  [     1337.3      540.83]
  [     1234.1      543.36]
  [     1309.9      582.54]
  [     1255.7      585.81]
  [     1305.1      608.92]
  [     1254.1      608.14]
  [     1317.9      693.84]
  [     1248.9      690.24]
  [     1328.8      772.88]
  [     1241.6      770.55]]

 [[     1355.5      447.36]
  [     1362.3      441.55]
  [          0           0]
  [     1388.6      446.53]
  [          0           0]
  [       1417      485.65]
  [     1392.9      486.53]
  [     1462.2      527.27]
  [          0           0]
  [       1448       574.3]
  [          0           0]
  [     1405.9      617.21]
  [     1389.3      615.24]
  [     1418.8      718.15]
  [     1399.8      712.34]
  [     1438.1      816.61]
  [     1416.4      802.62]]

 [[     1138.6       457.6]
  [          0           0]
  [     1130.1       451.8]
  [          0           0]
  [     1108.2      460.58]
  [     1118.9      505.02]
  [     1097.4      506.75]
  [          0           0]
  [     1079.5      560.02]
  [          0           0]
  [     1107.1      611.84]
  [     1120.7      621.03]
  [     1107.3      623.91]
  [     1113.6      706.21]
  [     1107.1      712.31]
  [     1110.3      785.07]
  [     1090.8         797]]]