[[[     897.27      475.82]
  [     903.52      469.01]
  [     889.13       470.1]
  [     914.06      475.32]
  [     877.44      477.58]
  [     931.53      521.66]
  [     864.68      525.18]
  [     950.23      573.57]
  [     850.33      580.25]
  [     947.67      620.43]
  [     863.49      627.82]
  [     922.94      637.26]
  [     878.72      639.17]
  [     923.06      717.92]
  [     879.74      720.51]
  [     925.27      793.55]
  [      875.1      795.18]]

 [[     764.77      477.06]
  [     771.78      471.07]
  [     757.85      469.85]
  [     779.19      477.78]
  [      743.6      474.12]
  [     793.13      522.86]
  [     718.87       519.8]
  [     811.85      577.19]
  [      703.4       575.6]
  [     817.79      627.33]
  [     703.47      624.03]
  [     783.48      636.31]
  [     734.86      635.91]
  [     781.63      723.78]
  [      734.1       723.8]
  [     785.11      808.28]
  [     732.95      808.25]]

 [[     645.25      458.53]
  [     644.87      452.03]
  [     637.75      452.24]
  [          0           0]
  [     611.28      457.49]
  [     646.69      503.48]
  [     572.01      503.98]
  [     662.78      560.18]
  [     554.56      564.42]
  [     664.03      606.45]
  [     560.16      623.43]
  [     638.82      633.74]
  [     588.21      636.14]
  [     649.32      727.49]
  [     578.47      732.58]
  [     644.83       817.6]
  [     577.64      825.27]]]