[[[     1114.3      458.52]
  [     1122.7      452.51]
  [     1108.1      451.23]
  [     1134.9       459.7]
  [     1096.7      456.45]
  [     1151.5      508.57]
  [     1073.1      505.44]
  [     1171.1      567.76]
  [     1056.9      560.88]
  [     1166.9      625.17]
  [     1043.6      616.64]
  [     1133.6      634.54]
  [     1081.1       634.1]
  [       1149      728.83]
  [     1091.6      727.27]
  [     1165.2      821.14]
  [     1101.4      818.04]]

 [[     865.03      446.36]
  [     873.49      437.71]
  [     854.18      436.81]
  [          0           0]
  [     834.24      441.34]
  [     873.05       499.8]
  [     826.98      497.92]
  [     881.42      566.21]
  [     818.33       577.9]
  [     899.87      589.16]
  [     851.97      638.22]
  [     869.93      642.74]
  [     841.21      644.66]
  [     859.83      752.13]
  [     852.81      758.69]
  [      855.4      855.13]
  [     832.38      868.27]]]