[[[       1064         458]
  [     1073.8      452.28]
  [     1061.8      451.39]
  [     1096.3      458.86]
  [          0           0]
  [     1128.1      495.58]
  [     1047.5      509.46]
  [     1183.6      529.19]
  [     1031.9       569.4]
  [     1152.7       567.6]
  [     1023.8      624.18]
  [     1117.6      632.56]
  [     1065.6      637.77]
  [     1137.6      730.42]
  [       1078      732.12]
  [     1162.1      825.66]
  [     1092.9      825.34]]

 [[          0           0]
  [          0           0]
  [          0           0]
  [     698.71      409.68]
  [     752.15      407.68]
  [      673.9      468.72]
  [     782.54      462.73]
  [     648.31      560.15]
  [     800.08      548.04]
  [      682.6      525.35]
  [          0           0]
  [     691.14      640.45]
  [      767.4       641.2]
  [     686.28      770.44]
  [     770.61      785.18]
  [     688.89      896.63]
  [     761.08      924.74]]

 [[     912.48      441.42]
  [          0           0]
  [     907.07      433.36]
  [          0           0]
  [      879.3      439.44]
  [     869.15      487.32]
  [     868.07      491.26]
  [     919.43      530.54]
  [     931.82      530.91]
  [     922.88      485.75]
  [     924.76      479.54]
  [     876.79      637.39]
  [     874.49      641.56]
  [     884.21      746.92]
  [     875.01      757.74]
  [     866.73      854.51]
  [     856.79      873.69]]]