[[[     1312.1      457.82]
  [     1318.7      452.25]
  [       1306      452.22]
  [     1331.1      458.72]
  [     1295.7      458.48]
  [       1353      500.16]
  [     1277.3      500.98]
  [     1371.3      547.81]
  [     1265.8      551.37]
  [     1340.4      588.42]
  [     1290.5      591.49]
  [     1340.6      613.62]
  [     1287.7      613.45]
  [     1351.3       697.5]
  [       1280      694.92]
  [     1363.7       781.7]
  [     1277.2      776.92]]

 [[     1389.7      450.61]
  [     1396.5      444.28]
  [          0           0]
  [     1422.7      448.22]
  [          0           0]
  [     1452.4      487.13]
  [     1425.6      488.93]
  [     1498.4      535.25]
  [          0           0]
  [     1483.6      581.95]
  [          0           0]
  [     1446.1      622.14]
  [     1428.5      620.43]
  [     1459.3      726.86]
  [     1442.1      719.98]
  [     1478.3      831.35]
  [     1459.6      814.28]]

 [[       1172       461.4]
  [          0           0]
  [     1163.3      454.93]
  [          0           0]
  [     1139.9      461.32]
  [     1151.3      505.82]
  [     1129.7      507.42]
  [          0           0]
  [     1120.8      566.51]
  [          0           0]
  [     1149.9      614.03]
  [     1152.9      624.49]
  [     1139.2      627.11]
  [     1145.7      711.87]
  [     1136.7       716.7]
  [     1142.2      791.42]
  [     1123.4      800.97]]]