[[[     398.63      346.94]
  [     414.15      333.64]
  [     382.07      330.93]
  [     429.19      345.72]
  [     349.54       339.1]
  [     453.18      437.16]
  [     306.78      430.64]
  [      496.3      545.35]
  [     261.21      536.74]
  [     491.96      639.68]
  [     241.74      639.38]
  [      418.8      674.97]
  [     324.27      671.15]
  [      428.9      838.45]
  [     292.54      840.42]
  [     392.04      997.49]
  [     284.49      1010.8]]

 [[     655.14      388.79]
  [      670.4      378.85]
  [     643.71      373.66]
  [     686.86      389.23]
  [     616.97      375.84]
  [      708.7      462.01]
  [     568.75       450.7]
  [     735.34      547.24]
  [     550.12      541.06]
  [     665.07      594.74]
  [     610.57      609.91]
  [     685.23       663.6]
  [     590.51      661.01]
  [     687.19      817.86]
  [     593.08      818.26]
  [     685.71      964.75]
  [     597.89      970.65]]

 [[      884.7      378.42]
  [     896.91      368.13]
  [     871.73      369.58]
  [     917.29      385.09]
  [     854.66       388.1]
  [     949.47      467.57]
  [     826.85      470.51]
  [     980.54      563.02]
  [     804.53      567.78]
  [      981.7      646.77]
  [     826.92      649.73]
  [     931.93      662.38]
  [     851.24      664.25]
  [     927.42       809.3]
  [     853.35      810.84]
  [     931.69      946.41]
  [     847.74      946.35]]]