[[[     1183.1      429.17]
  [     1195.2      423.57]
  [     1179.8      421.24]
  [     1220.3      435.88]
  [          0           0]
  [     1249.9      487.47]
  [     1153.9       484.7]
  [     1268.1      550.71]
  [     1139.6      549.08]
  [     1209.9      591.03]
  [     1161.9         595]
  [     1236.4      636.94]
  [     1169.7      635.14]
  [     1248.5      757.55]
  [     1172.7      753.03]
  [     1262.1      869.03]
  [     1175.1      863.04]]

 [[     1026.7      428.24]
  [       1039      421.68]
  [       1021      418.42]
  [     1055.6      433.09]
  [     1008.7      424.34]
  [     1071.1      487.81]
  [     978.85      485.68]
  [     1089.9      552.52]
  [     970.13         556]
  [       1064      557.53]
  [     1015.1      544.18]
  [     1059.3      634.55]
  [     994.19      634.96]
  [     1069.4       743.1]
  [     986.06      745.83]
  [       1068      845.85]
  [     970.08      848.79]]

 [[     951.28      406.28]
  [          0           0]
  [     945.62       395.7]
  [          0           0]
  [      917.2      402.94]
  [     904.85      466.32]
  [      897.9      470.85]
  [     944.96         531]
  [     953.35      540.27]
  [          0           0]
  [     984.01      475.12]
  [     913.56      658.54]
  [     907.15      663.22]
  [     916.93      803.85]
  [     908.22      814.74]
  [     901.08      929.76]
  [      895.3      946.41]]]