[[[     806.22      486.16]
  [     810.76      480.88]
  [     800.08      480.54]
  [     815.06      484.95]
  [     787.52      483.43]
  [     824.68      520.37]
  [      768.6      519.54]
  [     833.68       561.4]
  [     754.32      563.72]
  [     839.81      598.53]
  [     756.37      606.76]
  [     818.21      611.29]
  [     780.69      611.78]
  [     823.51      677.03]
  [      778.3      678.04]
  [     819.63      738.48]
  [     772.53      739.87]]

 [[     1015.5      498.23]
  [     1020.3       493.7]
  [     1010.4      493.78]
  [     1028.3      498.12]
  [       1002      497.88]
  [     1041.1      531.23]
  [     988.01      532.96]
  [     1053.4      568.71]
  [      977.1      575.11]
  [     1053.5       607.3]
  [     986.35      611.62]
  [       1032       616.4]
  [      996.8      617.33]
  [     1031.7      677.34]
  [     997.63      678.24]
  [     1035.2      731.56]
  [        995      730.93]]

 [[      905.1      498.21]
  [     910.64      494.02]
  [      900.7      493.29]
  [     917.82      498.41]
  [     890.61      495.72]
  [     925.79      532.17]
  [     869.85         528]
  [     934.72      570.55]
  [     857.81      562.38]
  [     937.52      603.25]
  [     862.97      590.76]
  [     917.27      613.33]
  [     880.25       612.5]
  [     919.63         674]
  [     883.05       673.2]
  [     921.53      735.47]
  [     881.05      733.88]]]