[[[     293.76      113.91]
  [     331.47      100.84]
  [     268.49      85.349]
  [        369      149.39]
  [     217.87      116.04]
  [     424.94      305.89]
  [     115.87      283.66]
  [     481.01      504.52]
  [     41.989      480.09]
  [     495.68      665.21]
  [     4.3969      682.72]
  [     382.52      744.17]
  [     173.61      739.29]
  [          0           0]
  [          0           0]
  [          0           0]
  [          0           0]]

 [[     736.73      198.77]
  [     770.23      185.45]
  [     726.35      176.57]
  [      823.9      227.05]
  [     708.97      205.37]
  [     879.44      357.87]
  [     641.64      342.22]
  [     917.35      516.51]
  [     601.35      496.47]
  [     778.36      597.16]
  [     664.81      603.11]
  [     843.97      715.19]
  [     676.58      708.65]
  [     872.74      1003.7]
  [     674.07      994.62]
  [          0           0]
  [          0           0]]]