[[[     1015.9      458.93]
  [     1026.9      450.31]
  [     1011.4      450.06]
  [     1056.7      455.93]
  [          0           0]
  [     1096.3      512.68]
  [     995.52      513.67]
  [     1114.2      580.22]
  [     974.82       578.6]
  [     1058.1      623.36]
  [     1008.6      630.44]
  [     1078.9      673.25]
  [     1009.6      672.78]
  [     1086.3      796.23]
  [     1008.6      793.59]
  [     1100.6      911.44]
  [     1005.8       912.9]]

 [[     860.75      448.18]
  [     871.72      439.23]
  [     852.03      437.68]
  [     886.19       445.8]
  [     834.88      441.38]
  [     903.97      508.01]
  [     802.77      504.47]
  [     919.83      581.97]
  [     784.04      580.49]
  [     913.77      650.58]
  [     783.64      655.39]
  [     886.86       666.6]
  [     816.88      665.65]
  [     896.68      781.22]
  [     803.83      780.05]
  [      900.7      895.29]
  [     796.83      894.85]]

 [[     716.15      421.59]
  [          0           0]
  [     706.01      410.46]
  [          0           0]
  [     670.46      419.96]
  [     682.01      497.29]
  [     637.37      501.78]
  [          0           0]
  [     630.31      605.73]
  [          0           0]
  [     678.99       691.2]
  [      685.7       701.4]
  [     655.44      707.44]
  [     672.95      843.32]
  [     645.21      858.63]
  [     660.16      974.02]
  [     619.35      1001.4]]]