[[[     1144.1      358.51]
  [     1161.3      346.07]
  [     1142.1      345.68]
  [     1206.6      361.88]
  [          0           0]
  [     1273.9      436.39]
  [     1140.6      467.55]
  [     1392.6      482.91]
  [     1138.6      577.16]
  [     1316.6      572.89]
  [     1120.8      675.15]
  [     1235.4      700.63]
  [     1147.7      706.73]
  [       1262      887.42]
  [       1183      881.22]
  [     1303.9        1055]
  [     1206.7      1049.8]]

 [[     911.74      393.71]
  [     925.71      383.02]
  [     899.54      381.48]
  [     945.88      396.24]
  [     878.84      390.54]
  [     969.02       476.6]
  [     841.71      470.13]
  [     995.73      563.64]
  [     802.72      559.06]
  [     971.94      564.27]
  [     898.48      560.51]
  [      944.6      684.58]
  [     859.82      684.49]
  [     932.69      831.38]
  [     842.09      836.84]
  [     918.45         975]
  [     822.77      984.54]]

 [[      717.3      334.64]
  [          0           0]
  [     704.62      316.73]
  [          0           0]
  [     656.18      319.75]
  [      613.6      422.39]
  [     643.12      428.65]
  [          0           0]
  [     652.14      595.83]
  [          0           0]
  [     722.19      718.43]
  [     627.19      745.76]
  [     648.73      753.96]
  [          0           0]
  [     654.31      986.25]
  [          0           0]
  [          0           0]]]