[[[       1025      479.73]
  [     1035.4       474.8]
  [     1027.5       472.3]
  [     1061.2         483]
  [          0           0]
  [     1089.1      517.92]
  [     1030.7      527.67]
  [     1150.9      547.53]
  [     1029.8       591.3]
  [     1114.6      593.41]
  [     1016.4      649.48]
  [     1077.5      660.81]
  [     1040.4      660.72]
  [     1094.6      770.44]
  [       1056       757.1]
  [     1111.6      878.55]
  [     1065.7         849]]

 [[     911.39      483.63]
  [     916.94      476.03]
  [     902.67       476.9]
  [      923.4      480.85]
  [     887.26      482.38]
  [     937.66      530.75]
  [     865.36      529.14]
  [     950.25      590.22]
  [      841.4      583.24]
  [     955.19      640.53]
  [     834.54      640.37]
  [     916.05      655.76]
  [     867.69      654.96]
  [     914.49      742.42]
  [     851.43      745.93]
  [     904.43      827.05]
  [      838.9      834.44]]

 [[     803.81      472.03]
  [          0           0]
  [     797.65      462.78]
  [          0           0]
  [     775.45      466.72]
  [     741.41      520.54]
  [     772.26      524.86]
  [          0           0]
  [     780.82      603.64]
  [          0           0]
  [     805.31       664.3]
  [     750.83      676.96]
  [     773.68      681.24]
  [     747.14      788.52]
  [     769.53      793.89]
  [     743.48      890.76]
  [     759.94       901.4]]]