[[[     1335.9      509.14]
  [       1343      503.85]
  [     1336.2      503.12]
  [     1365.4      508.38]
  [          0           0]
  [     1396.6      549.28]
  [       1336      548.03]
  [     1419.9      598.35]
  [     1331.1      593.13]
  [     1401.2      646.34]
  [     1319.4      633.28]
  [     1381.6      658.81]
  [     1340.7      656.15]
  [     1391.2       736.3]
  [     1337.8      729.13]
  [     1394.9      815.86]
  [     1350.8      804.77]]

 [[     1210.4      512.83]
  [     1215.3      506.77]
  [     1204.2      507.62]
  [     1224.3      509.07]
  [     1194.9      510.96]
  [     1241.9      545.23]
  [     1180.3       549.2]
  [     1255.5      587.39]
  [     1166.1      594.84]
  [     1263.1      627.07]
  [     1168.4       637.8]
  [     1236.5      644.97]
  [     1196.1      647.88]
  [     1245.6      716.48]
  [       1198      720.34]
  [     1245.2      786.41]
  [     1206.3       792.1]]

 [[     1126.7      516.64]
  [          0           0]
  [       1121      510.96]
  [          0           0]
  [     1102.5      513.46]
  [     1103.5      549.17]
  [     1084.9      548.86]
  [          0           0]
  [     1059.7      594.21]
  [          0           0]
  [     1054.1      642.21]
  [       1096      656.53]
  [     1085.8      657.85]
  [     1095.8      730.27]
  [     1085.7      734.13]
  [     1092.6      802.63]
  [     1082.5      812.78]]]