[[[     443.04      279.23]
  [     471.36      263.66]
  [     430.72      260.45]
  [     524.72      294.97]
  [     417.86       286.1]
  [     575.59       419.7]
  [     367.54      413.06]
  [     616.59      570.65]
  [     315.42      560.01]
  [     618.84      704.57]
  [     291.28       704.1]
  [     533.31      746.74]
  [     390.03      744.99]
  [     568.71      993.76]
  [     378.49      997.01]
  [          0           0]
  [          0           0]]

 [[     811.26       309.4]
  [     833.78      290.74]
  [      800.4      293.83]
  [      888.6      309.51]
  [     794.76      316.45]
  [     959.89      419.87]
  [     759.75      429.48]
  [     1006.3       552.3]
  [        727      564.31]
  [     896.95      640.39]
  [      798.5      650.18]
  [     928.92      728.55]
  [     790.08      729.68]
  [      954.9      968.67]
  [      785.9      967.34]
  [          0           0]
  [          0           0]]

 [[          0           0]
  [          0           0]
  [          0           0]
  [          0           0]
  [          0           0]
  [          0           0]
  [          0           0]
  [     22.425      600.43]
  [          0           0]
  [     70.148      799.84]
  [          0           0]
  [          0           0]
  [          0           0]
  [          0           0]
  [          0           0]
  [          0           0]
  [          0           0]]]