[[[     1024.2      508.23]
  [     1029.4      502.46]
  [     1018.5      502.87]
  [     1039.6         505]
  [     1009.6      505.81]
  [     1058.2      541.86]
  [     995.44         543]
  [     1072.3      585.91]
  [     982.46      589.03]
  [     1049.3       612.8]
  [     1010.3      618.88]
  [     1048.6      643.43]
  [     1006.1      644.06]
  [     1053.5      718.39]
  [     1005.2      718.33]
  [     1060.6      789.19]
  [     1005.2       789.3]]

 [[       1155      512.04]
  [     1161.3      506.68]
  [     1149.2      506.32]
  [     1171.5      510.53]
  [     1138.8      509.26]
  [     1187.4      548.03]
  [     1120.9      547.66]
  [     1202.7      595.35]
  [     1107.9      595.47]
  [     1201.1      641.04]
  [     1106.4      640.61]
  [     1175.6      650.83]
  [     1131.2       650.7]
  [     1177.3      726.94]
  [     1131.3      726.58]
  [     1180.3      799.31]
  [     1128.8      798.09]]

 [[     921.11      520.58]
  [     926.14      514.82]
  [     914.86      515.33]
  [     933.39      519.24]
  [     903.27      520.54]
  [     945.44      557.59]
  [     887.85      559.25]
  [     950.45      603.92]
  [     880.83      605.47]
  [     923.08      638.86]
  [     903.15      642.67]
  [      935.3      651.63]
  [     895.35      652.31]
  [     937.23      722.91]
  [     894.83      722.68]
  [     940.43      788.44]
  [     891.47      789.01]]]