[[[          0           0]
  [          0           0]
  [          0           0]
  [          0           0]
  [          0           0]
  [          0           0]
  [          0           0]
  [          0           0]
  [     69.134      568.41]
  [          0           0]
  [     48.228      686.41]
  [          0           0]
  [          0           0]
  [          0           0]
  [          0           0]
  [          0           0]
  [          0           0]]

 [[       1269      489.24]
  [       1275      483.75]
  [     1263.3      483.83]
  [     1284.5      486.39]
  [     1255.8      486.65]
  [     1299.1      517.16]
  [     1242.4      518.33]
  [     1311.5      554.25]
  [       1230      557.81]
  [          0           0]
  [          0           0]
  [          0           0]
  [          0           0]
  [          0           0]
  [          0           0]
  [          0           0]
  [          0           0]]]