[[[     1238.5      300.09]
  [       1264      286.41]
  [     1235.9      282.46]
  [     1319.5       308.7]
  [          0           0]
  [     1397.1      394.82]
  [     1214.8      424.98]
  [     1553.1      454.22]
  [     1208.7      557.54]
  [     1438.6      558.71]
  [     1185.4      673.76]
  [       1342      713.51]
  [     1225.8      713.54]
  [     1354.5      948.16]
  [     1233.8      921.83]
  [     1383.7      1060.1]
  [          0           0]]

 [[     958.89      365.42]
  [     973.01      353.26]
  [     945.07      350.57]
  [          0           0]
  [     913.95       356.1]
  [     1008.1      453.17]
  [     860.65      441.62]
  [     1026.7      553.83]
  [     814.83      542.88]
  [     987.25      602.23]
  [     884.81      606.98]
  [     965.32      682.85]
  [     865.98      677.57]
  [     947.24       849.3]
  [     827.11      847.08]
  [     928.77      1014.7]
  [     802.93      1014.7]]

 [[     697.78      259.85]
  [          0           0]
  [     679.44      235.92]
  [          0           0]
  [     603.22      237.38]
  [     548.57      357.96]
  [     586.87      358.97]
  [          0           0]
  [     592.09      554.21]
  [          0           0]
  [     686.03      734.15]
  [      573.9      779.56]
  [     585.27      786.41]
  [          0           0]
  [     588.21        1051]
  [          0           0]
  [          0           0]]]