[[[     1510.6      137.28]
  [     1536.3      116.59]
  [     1475.3       125.2]
  [     1579.7      158.84]
  [     1435.2      177.76]
  [     1668.8      312.75]
  [       1370      318.15]
  [     1743.9      500.83]
  [     1306.5      500.54]
  [     1640.6      496.96]
  [     1495.5      483.52]
  [     1622.9      758.21]
  [       1418      760.82]
  [          0           0]
  [          0           0]
  [          0           0]
  [          0           0]]

 [[       1074      214.22]
  [     1089.4      195.98]
  [     1042.7       193.1]
  [     1099.3      234.49]
  [     976.25      230.65]
  [     1137.9      388.12]
  [     909.34      382.84]
  [     1165.2      568.99]
  [     886.18      571.68]
  [     1056.7      713.41]
  [     968.79      710.83]
  [     1102.6      787.27]
  [     942.36      781.53]
  [       1102      1061.9]
  [     923.09      1047.8]
  [          0           0]
  [          0           0]]

 [[          0           0]
  [          0           0]
  [          0           0]
  [          0           0]
  [          0           0]
  [          0           0]
  [          0           0]
  [          0           0]
  [     1877.6      504.35]
  [          0           0]
  [          0           0]
  [          0           0]
  [          0           0]
  [          0           0]
  [          0           0]
  [          0           0]
  [          0           0]]]