[[[     1122.3      379.76]
  [     1139.4      369.36]
  [     1121.4      367.77]
  [     1182.8      384.85]
  [          0           0]
  [     1243.7      451.89]
  [     1117.5      476.38]
  [     1352.2       502.3]
  [     1114.2      578.36]
  [     1280.4      582.62]
  [     1105.5      666.96]
  [     1215.7      693.72]
  [     1136.9      697.61]
  [     1241.8      874.34]
  [     1167.7      860.67]
  [     1274.1      1034.3]
  [     1192.9      1018.8]]

 [[     906.08      401.46]
  [     918.17      391.74]
  [     894.53      389.93]
  [     931.64      405.98]
  [     871.84      400.86]
  [     950.52      480.33]
  [     836.95       477.5]
  [     974.54      563.76]
  [     819.44      569.34]
  [     951.52      600.02]
  [     871.68      633.88]
  [     940.32       673.8]
  [     861.62      674.06]
  [     938.01      815.87]
  [     842.89      820.03]
  [     923.48      950.12]
  [     828.64      959.99]]

 [[     739.98       354.8]
  [          0           0]
  [     729.21      339.42]
  [          0           0]
  [     684.84      345.94]
  [     635.13      439.28]
  [     673.03      445.35]
  [          0           0]
  [     674.97      593.32]
  [          0           0]
  [     745.46      702.93]
  [     648.34      735.79]
  [     677.17       742.8]
  [     644.65      952.36]
  [     678.83      958.13]
  [          0           0]
  [     643.65        1080]]]