[[[          0           0]
  [          0           0]
  [          0           0]
  [          0           0]
  [          0           0]
  [          0           0]
  [     37.517      408.33]
  [          0           0]
  [     127.94      573.53]
  [          0           0]
  [     102.28      686.64]
  [     14.959      795.97]
  [     28.374      794.67]
  [          0           0]
  [          0           0]
  [          0           0]
  [          0           0]]

 [[          0           0]
  [          0           0]
  [          0           0]
  [     744.39      506.87]
  [      775.8      506.98]
  [     728.41      540.14]
  [     793.14      540.58]
  [          0           0]
  [     809.86      585.81]
  [          0           0]
  [          0           0]
  [          0           0]
  [          0           0]
  [          0           0]
  [          0           0]
  [          0           0]
  [          0           0]]]