[[[     1408.5      357.78]
  [     1426.8      343.94]
  [     1405.8      344.08]
  [     1482.4      353.83]
  [          0           0]
  [     1566.8      435.82]
  [     1394.3      433.52]
  [     1595.4      545.96]
  [     1363.1      539.77]
  [     1487.6      614.59]
  [     1412.4      617.35]
  [     1540.9      691.34]
  [     1416.8      688.82]
  [     1565.5      874.65]
  [     1424.9       871.2]
  [     1575.9        1054]
  [     1453.3      1056.3]]

 [[     1200.8      344.21]
  [     1216.4      330.59]
  [     1186.6      330.68]
  [     1241.8       345.8]
  [       1167      344.93]
  [     1275.8      448.25]
  [     1133.1       443.9]
  [     1302.5      555.58]
  [     1106.7      549.96]
  [     1319.2      654.44]
  [     1138.8      640.73]
  [     1251.3       680.1]
  [     1155.7      677.32]
  [     1250.7      846.92]
  [     1143.3      836.71]
  [     1234.9      1005.7]
  [     1135.4       990.3]]

 [[     946.84      385.35]
  [     962.83      372.08]
  [     933.27       371.3]
  [     984.25      384.28]
  [     910.49      382.25]
  [     1006.2      474.52]
  [     878.56      474.72]
  [     1013.5       582.4]
  [     857.12      587.31]
  [     956.19      652.63]
  [     905.74      660.41]
  [     979.62      696.02]
  [      892.8      695.74]
  [     981.51      855.33]
  [     888.36      850.96]
  [     993.02       999.7]
  [     889.83      994.22]]]