[[[     952.58       529.5]
  [     957.94      524.56]
  [     948.34      524.55]
  [     968.61       528.1]
  [      941.4      527.72]
  [     983.98      563.86]
  [     926.34      561.11]
  [     995.69      608.21]
  [     914.19      599.64]
  [     977.91      632.91]
  [     944.16      629.13]
  [     968.12      657.48]
  [     929.16      655.62]
  [     963.01      727.39]
  [     920.97      726.66]
  [     952.81      794.19]
  [     908.59       796.3]]

 [[     1053.5      525.96]
  [     1059.4      520.82]
  [          0           0]
  [     1078.6      525.73]
  [          0           0]
  [     1101.7      565.37]
  [     1059.9      565.65]
  [     1104.2      613.28]
  [       1052      610.88]
  [     1065.5      642.45]
  [       1045       636.5]
  [       1085      665.99]
  [     1056.5      664.09]
  [     1090.5      742.44]
  [       1062      737.03]
  [     1104.4      814.05]
  [     1073.5      804.81]]

 [[     876.74      526.14]
  [          0           0]
  [     871.84      519.51]
  [          0           0]
  [      855.2      522.24]
  [     835.31      557.87]
  [     850.23      560.22]
  [          0           0]
  [     854.98      613.18]
  [          0           0]
  [     876.07      652.61]
  [     840.07      664.02]
  [     850.76      666.71]
  [     845.96      744.74]
  [     851.14      747.78]
  [     843.53       821.3]
  [     844.27      827.77]]]