[[[     1113.5      490.03]
  [     1120.2      484.44]
  [     1112.5       484.5]
  [     1142.6       488.1]
  [          0           0]
  [     1170.8      528.37]
  [     1117.1      530.12]
  [     1175.5       581.2]
  [     1108.4      582.99]
  [     1135.1      616.28]
  [     1106.8       617.5]
  [     1155.4      642.68]
  [       1119      641.73]
  [     1166.2      728.64]
  [     1129.9       722.5]
  [     1184.6      808.63]
  [     1146.2      800.54]]

 [[     994.16      504.05]
  [     998.59       498.4]
  [     987.25      498.14]
  [          0           0]
  [     968.94      495.11]
  [     1007.5      530.21]
  [     943.75      525.96]
  [     1012.8      577.05]
  [     930.17      572.69]
  [          0           0]
  [        947       618.4]
  [     1002.2      635.24]
  [     958.22      634.81]
  [     1010.3         711]
  [     946.33      711.78]
  [     1006.9      789.91]
  [     936.62      789.64]]

 [[     933.15      485.67]
  [          0           0]
  [     928.13      477.64]
  [          0           0]
  [     912.08      483.66]
  [     877.09      526.85]
  [     913.27      532.12]
  [          0           0]
  [     926.54      600.75]
  [          0           0]
  [     943.47      639.97]
  [     886.92      651.21]
  [      912.1      655.37]
  [     892.93      737.91]
  [      908.5      743.61]
  [     884.66      824.14]
  [     903.46      836.13]]]