[[[          0           0]
  [          0           0]
  [          0           0]
  [          0           0]
  [          0           0]
  [     37.477      405.87]
  [          0           0]
  [     152.36      566.43]
  [          0           0]
  [     112.23      698.56]
  [          0           0]
  [     24.043      809.94]
  [          0           0]
  [          0           0]
  [          0           0]
  [          0           0]
  [          0           0]]

 [[          0           0]
  [          0           0]
  [          0           0]
  [     746.26      509.15]
  [      778.5      508.75]
  [     730.46      543.14]
  [     796.13       542.8]
  [          0           0]
  [          0           0]
  [          0           0]
  [          0           0]
  [          0           0]
  [          0           0]
  [          0           0]
  [          0           0]
  [          0           0]
  [          0           0]]]