[[[          0           0]
  [          0           0]
  [          0           0]
  [          0           0]
  [          0           0]
  [          0           0]
  [       1852      391.66]
  [          0           0]
  [     1798.8      495.29]
  [          0           0]
  [     1832.8      521.54]
  [          0           0]
  [     1862.7      605.35]
  [          0           0]
  [          0           0]
  [          0           0]
  [          0           0]]

 [[          0           0]
  [          0           0]
  [          0           0]
  [          0           0]
  [          0           0]
  [     1586.3      471.23]
  [     1540.4      470.29]
  [     1584.1      518.55]
  [     1531.5      512.43]
  [     1564.2      554.24]
  [          0           0]
  [     1572.9       553.7]
  [     1541.7      552.27]
  [          0           0]
  [          0           0]
  [          0           0]
  [          0           0]]

 [[          0           0]
  [          0           0]
  [          0           0]
  [          0           0]
  [          0           0]
  [     1317.5      475.04]
  [     1274.8      472.74]
  [     1324.2      516.71]
  [     1267.4      511.82]
  [          0           0]
  [          0           0]
  [     1310.9      549.24]
  [     1281.9       548.6]
  [     1307.9      602.72]
  [     1281.6      602.99]
  [          0           0]
  [          0           0]]]