[[[          0           0]
  [          0           0]
  [          0           0]
  [          0           0]
  [          0           0]
  [     1518.3      471.28]
  [     1482.5       470.4]
  [     1514.8      520.63]
  [          0           0]
  [     1500.1      557.36]
  [          0           0]
  [     1507.3       555.4]
  [     1481.7      553.73]
  [          0           0]
  [          0           0]
  [          0           0]
  [          0           0]]

 [[          0           0]
  [          0           0]
  [          0           0]
  [          0           0]
  [          0           0]
  [     1224.3      473.72]
  [       1256      476.17]
  [          0           0]
  [          0           0]
  [          0           0]
  [          0           0]
  [     1228.6      549.92]
  [     1249.4      550.64]
  [          0           0]
  [          0           0]
  [          0           0]
  [          0           0]]]