[[[     14.211      500.18]
  [     15.508      491.53]
  [          0           0]
  [     31.906      480.86]
  [          0           0]
  [     48.146       515.6]
  [     96.536         511]
  [     47.925      580.99]
  [          0           0]
  [      14.74      627.21]
  [          0           0]
  [     51.755      656.78]
  [     89.582      652.54]
  [     14.476      752.51]
  [          0           0]
  [          0           0]
  [          0           0]]

 [[          0           0]
  [          0           0]
  [          0           0]
  [     415.52      447.93]
  [          0           0]
  [     434.19      480.56]
  [     490.82      481.49]
  [     432.24       554.9]
  [     525.88      560.17]
  [     400.87      639.84]
  [     525.94      629.82]
  [     455.82      627.18]
  [     491.56      625.11]
  [     433.01      736.15]
  [     460.25      737.96]
  [          0           0]
  [          0           0]]]