[[[     311.47       475.4]
  [      319.8      470.44]
  [     308.73      469.53]
  [     339.01      475.77]
  [          0           0]
  [     361.97      514.31]
  [     292.95      513.68]
  [     385.42      563.93]
  [     279.04      562.08]
  [     355.63      607.37]
  [     276.17      607.25]
  [     339.04      622.75]
  [     294.99      621.59]
  [     338.81      701.12]
  [     302.86      701.91]
  [     335.41      778.45]
  [     307.71      780.45]]

 [[          0           0]
  [          0           0]
  [          0           0]
  [     137.66      486.16]
  [     175.39      486.98]
  [     109.35      534.31]
  [      189.7      534.63]
  [     87.689      600.14]
  [     216.06      601.09]
  [          0           0]
  [     221.66      653.81]
  [     120.99      665.95]
  [     175.76      668.18]
  [     140.65      747.11]
  [     192.82      751.03]
  [     130.21      836.86]
  [     188.36      846.86]]

 [[     105.66      481.94]
  [          0           0]
  [     98.058      474.93]
  [          0           0]
  [     73.923      480.98]
  [     96.611      529.75]
  [     53.339      529.83]
  [          0           0]
  [     65.022      592.18]
  [          0           0]
  [     94.652      607.46]
  [     93.509      651.97]
  [     62.435      654.12]
  [          0           0]
  [          0           0]
  [          0           0]
  [          0           0]]

 [[     103.35      483.85]
  [          0           0]
  [     95.917      477.42]
  [          0           0]
  [     70.919      483.13]
  [     87.251      526.26]
  [     52.058      528.85]
  [          0           0]
  [     60.542      582.02]
  [          0           0]
  [     91.954      599.98]
  [     81.319       642.9]
  [     58.067       645.4]
  [      79.68      724.21]
  [      57.61      729.75]
  [     57.635      800.04]
  [     42.036      808.76]]]