[[[     864.01      463.12]
  [     871.05      456.62]
  [     856.28      456.38]
  [     879.26      463.66]
  [     840.96       462.3]
  [     892.84      511.57]
  [     815.48      508.94]
  [     903.11      562.49]
  [     798.11      565.39]
  [     896.33      604.87]
  [     812.36      617.48]
  [     880.16       631.4]
  [     828.45       629.4]
  [     876.09      724.87]
  [     823.41      716.63]
  [     874.41      810.18]
  [     822.09      795.93]]

 [[     399.88      514.95]
  [     405.09      508.82]
  [     396.07      509.13]
  [     418.99      503.32]
  [          0           0]
  [     442.01      525.38]
  [        381      527.22]
  [     463.27      567.42]
  [     360.79      561.22]
  [     444.46      596.49]
  [     382.82      545.07]
  [     426.86       615.4]
  [      386.2      615.95]
  [     430.86      682.53]
  [     389.33      682.85]
  [     436.73      748.71]
  [     389.35      747.73]]]