[[[     772.42      486.82]
  [     777.06      480.41]
  [     765.04      480.06]
  [          0           0]
  [     748.22      479.72]
  [     791.48      519.79]
  [     720.81      516.83]
  [     807.22      569.65]
  [     696.33      566.64]
  [     802.02      609.19]
  [     737.52      596.86]
  [     778.06      623.39]
  [     732.79      623.85]
  [     773.85      703.93]
  [     734.08       706.1]
  [     766.78      782.15]
  [     729.11      784.78]]

 [[     867.09      501.23]
  [      872.4      495.19]
  [     860.95      496.02]
  [      882.2       498.8]
  [     850.93      500.86]
  [     897.79      537.45]
  [     836.65      537.76]
  [     907.47      583.39]
  [     824.33      582.57]
  [        894      607.76]
  [     841.21      613.16]
  [     887.81       633.5]
  [     845.48      633.74]
  [     900.44      707.72]
  [     843.32      706.15]
  [      908.2         780]
  [     842.27      781.65]]

 [[     902.87      496.25]
  [      906.8      489.87]
  [          0           0]
  [     918.94      495.08]
  [          0           0]
  [     926.26      540.05]
  [     941.97      536.98]
  [     919.05      600.57]
  [          0           0]
  [     909.18      643.77]
  [          0           0]
  [     925.96      651.41]
  [     937.02      649.22]
  [     923.82      734.87]
  [     928.42      733.32]
  [     931.31       815.2]
  [     929.54      811.57]]]