[[[     424.42      495.48]
  [      426.4      486.96]
  [     412.83      490.06]
  [          0           0]
  [     391.54      496.84]
  [     442.77      539.49]
  [     370.21      528.37]
  [     458.95      594.62]
  [     315.17      527.78]
  [     446.83      631.43]
  [     265.69      514.22]
  [     418.63      653.62]
  [     372.49      649.22]
  [     429.93      732.05]
  [     373.23       728.4]
  [     426.36      808.21]
  [     368.16      807.36]]

 [[     510.33      469.85]
  [     519.19      463.64]
  [      508.8      463.69]
  [     542.55      469.16]
  [          0           0]
  [     568.99      512.96]
  [     500.18      518.77]
  [     588.91      563.89]
  [     487.95       572.8]
  [     566.74      609.39]
  [     477.15      620.36]
  [     553.98      631.18]
  [     508.15      632.66]
  [     561.61      715.43]
  [     512.75      716.97]
  [     572.01      800.73]
  [     520.85      803.55]]

 [[     639.53      444.59]
  [     646.78      438.05]
  [      638.5      438.42]
  [     671.57      440.11]
  [          0           0]
  [     705.84       482.8]
  [     639.14       487.5]
  [     717.33      542.89]
  [     627.71      546.14]
  [     667.17      587.96]
  [     625.85      586.52]
  [     692.55      614.81]
  [     647.32      615.38]
  [     701.81      713.61]
  [     654.06      712.57]
  [     714.67      808.09]
  [        664      810.66]]]