[[[     1005.9      358.21]
  [     1014.4      347.73]
  [     992.66       345.9]
  [          0           0]
  [     960.31      352.68]
  [     1034.6      431.05]
  [     913.88       427.4]
  [     1066.7      524.13]
  [     874.03      516.83]
  [     1059.1      607.57]
  [     955.13      541.93]
  [     1018.2      625.59]
  [     939.01      627.43]
  [     1011.5      777.45]
  [     937.95      780.04]
  [     1009.1      924.44]
  [      925.4      924.11]]

 [[       1159      379.61]
  [     1172.9      371.27]
  [     1156.5       370.1]
  [     1208.7      386.27]
  [          0           0]
  [       1249      458.71]
  [     1136.4      460.57]
  [     1266.2      544.69]
  [     1114.3      547.65]
  [     1219.9      619.33]
  [     1149.7       613.5]
  [     1225.9      647.02]
  [     1150.6       646.5]
  [     1229.1       786.4]
  [     1154.2      785.45]
  [     1234.1      919.74]
  [     1171.3      921.91]]

 [[     1268.7      347.07]
  [     1275.3      330.14]
  [          0           0]
  [     1313.4      326.97]
  [          0           0]
  [       1344      428.02]
  [       1368      415.41]
  [     1325.2      584.89]
  [          0           0]
  [     1286.7      695.61]
  [          0           0]
  [     1344.7      712.43]
  [     1361.6       702.6]
  [     1361.1      909.82]
  [     1352.8      891.54]
  [     1385.6      1079.1]
  [     1350.3      1050.7]]]