[[[     769.27      491.66]
  [     773.81       485.7]
  [     762.17       485.2]
  [          0           0]
  [     745.63      485.73]
  [     787.17      524.91]
  [     718.59      522.19]
  [     803.86      570.77]
  [     694.32      568.85]
  [     797.59      607.49]
  [     733.04      597.64]
  [     774.65      625.85]
  [     730.74      626.58]
  [     772.78      703.48]
  [     733.19      706.05]
  [     768.02      779.19]
  [     729.76      782.46]]

 [[        852       502.8]
  [     859.44      497.48]
  [     849.06      497.82]
  [     877.31      500.73]
  [          0           0]
  [      894.7      538.56]
  [     836.51      538.14]
  [     903.99      589.73]
  [     824.54      582.97]
  [     898.21      636.08]
  [     820.15      626.05]
  [      882.5      634.99]
  [     842.81      634.31]
  [      893.1         708]
  [     841.06      705.06]
  [     899.37      778.44]
  [     841.45      778.25]]

 [[     877.76       503.5]
  [     882.04      496.86]
  [          0           0]
  [     898.07       499.7]
  [          0           0]
  [     915.98      541.12]
  [     916.92      538.58]
  [     916.14      601.79]
  [          0           0]
  [     903.65      648.87]
  [          0           0]
  [     919.06      651.63]
  [     918.78      649.24]
  [     921.46      730.28]
  [     905.81      730.38]
  [     926.93      809.12]
  [     907.87      807.76]]]