[[[     796.26      498.35]
  [     800.32      493.61]
  [     791.43      492.78]
  [          0           0]
  [      778.7      493.82]
  [     809.21      525.46]
  [     755.76      522.32]
  [     820.97      564.06]
  [     737.85      559.99]
  [     819.09      594.36]
  [      765.6      587.01]
  [     799.32      608.62]
  [     764.51      607.85]
  [     796.69      672.03]
  [     762.36      671.13]
  [     789.74       734.9]
  [     762.26      732.57]]

 [[      889.4      512.87]
  [     893.13      507.86]
  [          0           0]
  [     904.32      510.93]
  [          0           0]
  [     908.53      544.18]
  [     916.38      540.16]
  [     889.11      583.25]
  [          0           0]
  [     869.17       581.2]
  [          0           0]
  [     904.13      625.45]
  [     909.18      623.06]
  [     901.59      688.89]
  [     906.95      686.06]
  [      911.2      749.62]
  [     910.57      745.74]]

 [[     876.71       511.1]
  [     881.39      506.94]
  [     872.26      506.64]
  [          0           0]
  [     864.39       509.6]
  [     892.81      537.05]
  [     852.53      537.32]
  [     889.55      570.91]
  [     838.06      575.76]
  [     874.16       571.3]
  [     850.05      589.93]
  [     884.18      610.21]
  [      857.7      610.24]
  [     887.08      671.38]
  [     859.55      671.55]
  [     881.26       727.9]
  [     855.68      728.87]]]