[[[     771.47      496.73]
  [     776.18      490.89]
  [     764.85      490.36]
  [          0           0]
  [     748.95      491.96]
  [     788.94      528.42]
  [     722.59       527.1]
  [     803.28       572.9]
  [     701.08      572.99]
  [     800.76      611.63]
  [     734.44      602.55]
  [     778.66      628.27]
  [     735.58       629.1]
  [     777.14      704.94]
  [     733.82      706.62]
  [     772.44      779.47]
  [     730.63      780.71]]

 [[     873.84      514.54]
  [     877.68         508]
  [          0           0]
  [     888.92      511.09]
  [          0           0]
  [     892.03      551.35]
  [     919.03      547.62]
  [      885.6      607.77]
  [          0           0]
  [     878.13      654.27]
  [          0           0]
  [      895.5      655.94]
  [     913.63      653.53]
  [      894.3      730.84]
  [     903.45      727.01]
  [     911.09      805.73]
  [     910.13      798.03]]

 [[     857.99      511.67]
  [     864.61      505.74]
  [     852.95      506.23]
  [     876.21      509.25]
  [     844.87      510.38]
  [     884.75      547.76]
  [     833.25      548.01]
  [     890.27      594.21]
  [     818.66      593.51]
  [     880.89      633.41]
  [     819.86      632.68]
  [     871.25      641.35]
  [     837.52      640.81]
  [      874.2      710.54]
  [     839.76       707.9]
  [     874.18      779.68]
  [     837.25      777.04]]]