[[[     301.38      502.47]
  [     310.02      497.78]
  [     298.93      496.37]
  [     329.81      504.94]
  [          0           0]
  [     354.07      545.29]
  [     286.23      543.99]
  [     377.78      595.99]
  [     275.22      590.32]
  [     349.74      640.25]
  [     264.91      633.17]
  [     326.65      653.09]
  [     282.78       651.4]
  [     327.63      732.52]
  [     290.29      732.13]
  [     319.39      808.95]
  [     300.79      810.06]]

 [[     107.77      522.96]
  [     108.76      515.68]
  [     99.836      515.72]
  [          0           0]
  [     74.861      518.59]
  [      99.64      560.83]
  [     49.253      561.86]
  [          0           0]
  [     47.092      620.83]
  [          0           0]
  [     83.828      634.26]
  [     88.714      675.44]
  [      52.67       678.2]
  [          0           0]
  [          0           0]
  [          0           0]
  [          0           0]]

 [[          0           0]
  [          0           0]
  [          0           0]
  [          0           0]
  [     165.03      515.84]
  [     98.721      560.94]
  [     179.87      565.96]
  [          0           0]
  [     200.08      639.54]
  [          0           0]
  [     198.23      677.17]
  [     106.27      700.94]
  [     160.03      702.83]
  [          0           0]
  [          0           0]
  [          0           0]
  [          0           0]]]