[[[     360.42      433.42]
  [     372.02      426.84]
  [     357.82      424.68]
  [      398.9      434.22]
  [          0           0]
  [     427.75       484.7]
  [     347.38      483.46]
  [     452.81      550.65]
  [     338.44      547.89]
  [     414.35      613.86]
  [      322.7      605.28]
  [     396.77      628.81]
  [     343.48      625.09]
  [     396.79      736.09]
  [     345.17       731.5]
  [     390.83      838.03]
  [      344.2      831.81]]

 [[          0           0]
  [          0           0]
  [          0           0]
  [          0           0]
  [      136.2       435.4]
  [     44.894      495.44]
  [      153.2      495.97]
  [     19.021      606.71]
  [     170.02      605.06]
  [          0           0]
  [          0           0]
  [     49.492       681.9]
  [     123.67      683.63]
  [          0           0]
  [          0           0]
  [          0           0]
  [          0           0]]]