[[[          0           0]
  [     1178.3      304.87]
  [          0           0]
  [     1203.2      264.97]
  [          0           0]
  [     1229.6      342.97]
  [     1397.5      335.54]
  [       1238      527.11]
  [          0           0]
  [     1227.1      721.52]
  [          0           0]
  [     1294.3      747.09]
  [       1423       734.6]
  [     1217.6      1025.7]
  [          0           0]
  [          0           0]
  [          0           0]]

 [[     723.35      511.53]
  [     727.69      506.91]
  [     718.34      507.14]
  [     734.67      510.12]
  [     709.36      510.43]
  [     747.01      540.35]
  [     695.57      540.83]
  [     763.05      574.51]
  [     683.18      576.74]
  [      754.5      607.61]
  [     688.43      611.61]
  [     735.88       620.3]
  [     701.88       620.2]
  [      735.7      679.65]
  [     698.03      679.45]
  [     734.15      739.65]
  [     694.93      739.18]]

 [[     435.86      500.32]
  [     440.49       495.7]
  [     430.63      494.57]
  [          0           0]
  [     416.59      493.54]
  [     443.39      527.43]
  [     395.51      522.31]
  [     450.53      567.22]
  [     395.09      559.56]
  [     455.28      593.05]
  [      435.4      580.67]
  [     432.14      611.68]
  [      397.8      611.25]
  [     441.81      678.94]
  [     396.07      680.87]
  [     444.56      744.94]
  [     387.95      747.32]]]