[[[          0           0]
  [          0           0]
  [          0           0]
  [     979.22      429.28]
  [     1033.1      422.17]
  [     962.18       490.5]
  [     1070.5      479.07]
  [     930.17      571.39]
  [     1109.5       576.3]
  [     958.55      580.03]
  [     1132.6      650.87]
  [     989.75      668.87]
  [       1059      660.68]
  [     1002.7      805.63]
  [     1044.6       781.2]
  [     1020.4      938.76]
  [     1044.4      903.67]]

 [[     523.44      520.41]
  [     526.54      515.06]
  [     519.64      514.18]
  [          0           0]
  [      504.3      506.07]
  [     513.57      533.54]
  [      477.1      530.08]
  [     512.83      577.65]
  [     464.73      573.27]
  [     517.75      605.82]
  [     499.68      600.67]
  [     488.33      614.61]
  [     469.93      615.16]
  [     475.39      683.02]
  [     490.86      682.91]
  [     443.93       745.6]
  [     496.91      750.57]]

 [[     710.57      508.68]
  [     715.31      504.26]
  [     705.75       504.6]
  [     723.72      508.02]
  [     697.68      508.73]
  [     736.74      537.96]
  [     684.92      539.43]
  [     754.89      568.02]
  [     672.59      572.42]
  [     755.24      597.26]
  [     668.46      604.11]
  [     725.92      617.81]
  [     692.33      618.27]
  [     724.95      677.22]
  [     692.59      677.58]
  [     733.28      735.86]
  [     694.11      736.37]]]