[[[     896.03      451.43]
  [     902.03       443.9]
  [     886.98      442.99]
  [          0           0]
  [     866.74      444.24]
  [     917.85      491.85]
  [     837.75         488]
  [     936.31      553.34]
  [     810.76      548.52]
  [     931.54      607.14]
  [     857.68      587.47]
  [     904.05      622.88]
  [     851.61      622.84]
  [     903.15      722.92]
  [     851.58      724.04]
  [     897.27      821.24]
  [     846.05       822.3]]

 [[     1013.1      469.97]
  [     1017.9      462.51]
  [     1003.7      464.64]
  [          0           0]
  [     989.48       472.9]
  [     1051.3      511.91]
  [     974.37      516.89]
  [     1064.3      565.15]
  [     960.54      566.52]
  [     1042.4       577.6]
  [     1001.2      561.66]
  [     1047.7      634.51]
  [     995.38      637.41]
  [     1057.7      728.46]
  [     999.24      729.75]
  [     1064.7      818.93]
  [     1005.4      821.91]]

 [[          0           0]
  [       1050      448.86]
  [          0           0]
  [     1061.9      453.48]
  [          0           0]
  [     1080.8       509.4]
  [       1111      503.19]
  [     1070.2      594.97]
  [          0           0]
  [     1049.7       665.7]
  [          0           0]
  [     1086.8      661.64]
  [     1107.3      657.36]
  [     1090.8       771.6]
  [     1092.4      767.22]
  [     1111.2      877.39]
  [     1103.6      870.76]]]