[[[          0           0]
  [          0           0]
  [          0           0]
  [     594.74      419.92]
  [          0           0]
  [     566.27      469.66]
  [      691.1       465.6]
  [     530.24      571.66]
  [     731.86      556.21]
  [     547.48      637.75]
  [     704.27      617.92]
  [     601.25      653.01]
  [     677.34      657.34]
  [     640.21      792.03]
  [     666.35      808.21]
  [      662.2       929.9]
  [     616.42      958.73]]

 [[     343.05      518.77]
  [     354.03      513.36]
  [     340.39      507.49]
  [          0           0]
  [     322.41       497.8]
  [     339.57      556.72]
  [     271.13      530.15]
  [     319.87      627.36]
  [     256.88      539.85]
  [     324.64      673.13]
  [      308.4      518.35]
  [     301.69      696.15]
  [     252.44      692.79]
  [     325.44      798.88]
  [     266.23      808.34]
  [     325.13      899.48]
  [     282.03      920.69]]]