[[[      282.3      444.93]
  [     295.28      432.62]
  [     269.55      430.53]
  [          0           0]
  [     240.59      425.24]
  [     310.44      492.84]
  [     199.09      493.66]
  [     320.57      586.58]
  [     150.94      597.46]
  [     333.53       653.3]
  [     177.47      669.94]
  [     295.12      687.25]
  [     221.16      691.32]
  [     291.37      816.13]
  [     225.31      829.77]
  [      272.8      934.78]
  [     191.39      958.41]]

 [[     611.96      434.93]
  [          0           0]
  [          0           0]
  [     630.02      414.31]
  [          0           0]
  [     629.39      467.27]
  [     724.74      464.73]
  [     607.43      557.15]
  [     755.44       546.5]
  [     603.23      617.26]
  [     716.04      586.37]
  [     655.95       650.6]
  [     716.92       650.6]
  [     669.62      777.38]
  [     724.08      789.54]
  [     697.63      900.52]
  [     719.59      923.84]]]