[[[     644.08       396.1]
  [      660.5      390.97]
  [     637.75         387]
  [     685.92      416.31]
  [          0           0]
  [     704.23      498.88]
  [      596.4       459.3]
  [     720.78      580.43]
  [     524.31      430.39]
  [     692.12      636.92]
  [     470.55      390.22]
  [     658.09      674.11]
  [     588.81      659.85]
  [     665.94      804.21]
  [     591.23      797.81]
  [     674.71      928.13]
  [     603.77      931.45]]

 [[     771.94       370.7]
  [      783.5      358.81]
  [     770.05       360.6]
  [      825.4      365.93]
  [          0           0]
  [     882.93      441.21]
  [     777.03      453.94]
  [     931.16      522.28]
  [     758.74      550.73]
  [     914.11      613.34]
  [     743.76      635.55]
  [     854.78       649.4]
  [     785.98       650.9]
  [     865.65      795.76]
  [      790.2       791.7]
  [     889.35      939.51]
  [     815.57      931.59]]

 [[     1015.6      290.05]
  [     1030.1      274.45]
  [       1004      277.97]
  [       1066      279.21]
  [          0           0]
  [     1119.2      369.36]
  [     982.97      377.99]
  [       1144      490.16]
  [      956.9       494.7]
  [     1054.4      567.08]
  [     986.44      561.84]
  [     1097.2      621.44]
  [     1007.1      623.82]
  [     1118.2      807.56]
  [       1028      803.03]
  [     1136.6      978.74]
  [       1049      971.14]]]