[[[     1011.4      349.85]
  [     1019.2      339.28]
  [      998.1      337.14]
  [          0           0]
  [     963.76      343.01]
  [       1039      424.26]
  [     911.94      419.49]
  [     1070.1      519.02]
  [     869.35       510.1]
  [     1068.6      603.51]
  [     957.11       538.2]
  [       1024      625.75]
  [     939.75      628.54]
  [     1023.3       784.1]
  [     937.84      788.86]
  [     1026.1      938.53]
  [     929.08      942.61]]

 [[     1239.6      369.64]
  [     1252.8      357.26]
  [     1226.2       358.2]
  [     1272.6      369.84]
  [     1205.5      372.31]
  [     1297.5      455.39]
  [     1176.9      454.42]
  [       1309      555.81]
  [     1159.3      548.48]
  [     1277.2      619.96]
  [     1204.3       617.6]
  [     1272.4      651.44]
  [     1191.1      649.59]
  [     1264.1      803.05]
  [     1186.6      795.93]
  [     1253.2      949.74]
  [     1186.4       942.6]]

 [[     1290.6      319.34]
  [     1297.5      302.61]
  [          0           0]
  [     1334.8      307.22]
  [          0           0]
  [     1368.2      411.97]
  [     1394.3      404.63]
  [     1371.9      573.91]
  [          0           0]
  [     1334.9      709.66]
  [          0           0]
  [     1377.7      719.79]
  [     1396.2      712.05]
  [     1390.8       952.4]
  [     1392.3      938.45]
  [          0           0]
  [          0           0]]]