[[[     1383.4      258.14]
  [       1402      241.04]
  [     1379.8      242.37]
  [     1454.6      252.79]
  [          0           0]
  [     1496.6      369.02]
  [     1365.5      371.82]
  [     1531.3      510.33]
  [       1330      509.25]
  [     1477.6      636.48]
  [     1313.5       620.7]
  [     1452.2      638.87]
  [       1365       635.4]
  [     1476.2      815.78]
  [     1383.9      802.71]
  [     1497.4      983.08]
  [     1407.1      955.59]]

 [[     1169.2      291.72]
  [     1186.2      279.97]
  [     1165.8      277.95]
  [     1224.5      295.14]
  [          0           0]
  [     1261.6      386.94]
  [     1132.9      383.18]
  [     1284.4      500.24]
  [     1097.5      493.41]
  [     1246.8      594.76]
  [     1093.7      584.53]
  [     1221.2      607.29]
  [     1136.7      601.97]
  [     1231.2      766.64]
  [     1139.4      758.94]
  [     1242.9       903.4]
  [     1158.9      888.89]]

 [[     928.53      343.58]
  [     931.64      330.02]
  [     915.53      328.66]
  [          0           0]
  [     869.29      333.88]
  [     929.61      428.31]
  [     816.43      427.27]
  [     951.73      536.68]
  [     806.97      548.09]
  [     960.27       622.5]
  [     840.65       646.6]
  [     923.27      654.42]
  [     848.06      656.54]
  [     904.87      804.51]
  [     836.85      807.52]
  [     896.01       932.3]
  [     813.96       952.3]]]