[[[     1492.3      195.77]
  [     1516.7      173.65]
  [       1480      177.29]
  [     1572.6      188.67]
  [          0           0]
  [     1626.2      326.13]
  [     1448.5      334.17]
  [       1673      496.67]
  [     1404.9      499.17]
  [     1607.4       654.3]
  [     1385.9      632.23]
  [     1568.4      655.21]
  [     1453.4      652.37]
  [     1589.5      873.54]
  [     1477.7      859.87]
  [     1623.7      1054.6]
  [     1510.2      1039.1]]

 [[     1182.1      248.96]
  [     1195.8      228.92]
  [     1173.8      237.09]
  [     1246.8      234.04]
  [          0           0]
  [     1306.5      347.72]
  [     1155.9      356.41]
  [     1327.9      487.32]
  [     1119.2      480.43]
  [     1280.4      603.06]
  [     1112.6      584.96]
  [     1259.6      613.13]
  [     1158.7      613.43]
  [     1272.8      796.29]
  [     1172.9      789.75]
  [     1290.9       961.8]
  [     1187.8      942.06]]

 [[     915.11      285.84]
  [      919.8      271.58]
  [     897.12      270.25]
  [          0           0]
  [     846.64      287.25]
  [     923.78      404.47]
  [     795.04      394.69]
  [     941.27      540.02]
  [     793.57      525.64]
  [     949.11       645.2]
  [      913.4      521.07]
  [      908.6      665.85]
  [     819.44      667.73]
  [     893.15      853.04]
  [     806.17      864.03]
  [     883.03      1008.9]
  [     780.81      1037.7]]]