[[[     1353.2      423.34]
  [     1352.3      416.95]
  [     1344.8      417.33]
  [          0           0]
  [     1319.2      425.22]
  [     1355.4      472.55]
  [     1292.8      472.87]
  [     1365.3      528.17]
  [     1282.7      535.45]
  [     1372.2      577.21]
  [     1298.9      589.67]
  [     1346.9      591.67]
  [     1304.3      592.73]
  [     1338.9      675.62]
  [     1297.5      676.13]
  [     1332.4      750.43]
  [     1284.2      753.79]]

 [[       1647      372.88]
  [     1658.5      363.14]
  [     1639.9      363.46]
  [     1681.6      370.32]
  [          0           0]
  [     1708.3      431.99]
  [     1616.8      434.93]
  [     1724.9      515.33]
  [       1594      511.51]
  [     1694.3      580.11]
  [     1585.6      574.29]
  [     1676.7       582.8]
  [     1616.5      583.86]
  [     1681.3       686.3]
  [     1633.2      684.45]
  [     1683.7      783.79]
  [     1641.5      775.08]]

 [[     1535.2       382.9]
  [     1544.8      374.56]
  [     1527.5      375.16]
  [     1561.8      380.58]
  [     1518.1      382.79]
  [     1579.2      433.54]
  [     1502.9       436.6]
  [     1583.8      500.17]
  [       1488      501.05]
  [     1561.1      557.76]
  [     1482.8      561.66]
  [     1553.3      567.72]
  [     1503.4       567.6]
  [     1553.9      664.21]
  [       1511      663.41]
  [     1563.2      755.11]
  [     1515.3      743.28]]]