[[[     1305.5      322.17]
  [     1318.9      308.03]
  [          0           0]
  [     1362.8      313.99]
  [          0           0]
  [       1406      399.36]
  [     1304.2      405.46]
  [     1421.6      519.59]
  [     1280.7      515.69]
  [     1381.2      614.48]
  [     1264.2      604.63]
  [     1369.1      614.51]
  [       1300      615.31]
  [     1378.8      756.99]
  [     1325.2      754.78]
  [     1395.1      887.48]
  [     1334.2       875.1]]

 [[       1172       333.5]
  [     1184.8      322.18]
  [     1162.8      323.22]
  [     1207.5      333.17]
  [     1152.9      335.43]
  [     1234.6         412]
  [     1132.6      411.36]
  [     1248.9      503.65]
  [     1107.9      501.46]
  [     1214.1      586.27]
  [     1103.1      574.68]
  [       1199      597.14]
  [     1133.4      593.32]
  [     1200.1      725.85]
  [     1139.6      721.83]
  [     1205.8      844.05]
  [     1150.1      827.46]]

 [[     950.78      379.83]
  [     951.82      370.34]
  [     942.91      367.26]
  [          0           0]
  [      906.7      369.88]
  [     948.86      448.61]
  [     861.33       449.3]
  [     970.06      533.03]
  [     854.84      548.03]
  [     975.75      601.58]
  [     883.04      628.31]
  [     944.97      627.96]
  [     886.09      630.21]
  [     933.47      751.92]
  [     875.02      757.67]
  [     925.02      858.34]
  [     857.62      872.03]]]