[[[     1720.6      346.08]
  [     1734.2      333.42]
  [       1717      333.41]
  [     1772.6      339.47]
  [          0           0]
  [     1814.9      413.31]
  [     1703.7      419.78]
  [     1837.7       513.6]
  [     1673.5      512.05]
  [     1804.1      597.77]
  [     1663.9       585.1]
  [     1775.3       596.5]
  [     1700.6      598.29]
  [     1791.2       719.9]
  [     1730.2      717.21]
  [     1803.3      838.85]
  [     1740.6      820.57]]

 [[     1582.2       362.1]
  [     1592.1         350]
  [     1572.8      352.59]
  [     1614.5      352.81]
  [     1564.7      360.04]
  [     1647.2      419.34]
  [     1549.9      423.82]
  [     1658.7      499.59]
  [     1526.1      500.65]
  [     1629.9      568.44]
  [     1523.9      564.94]
  [     1618.2      582.84]
  [     1555.2      581.29]
  [     1619.4      696.97]
  [     1562.3      690.93]
  [     1633.9      799.87]
  [     1573.7      783.88]]

 [[       1384      406.02]
  [          0           0]
  [       1377      396.94]
  [          0           0]
  [     1350.7      403.02]
  [     1379.1      461.72]
  [     1315.2      462.54]
  [     1395.7      531.78]
  [       1306      540.86]
  [       1403      592.81]
  [     1322.8      607.92]
  [     1373.5      608.67]
  [     1329.1      608.95]
  [     1365.9      707.33]
  [     1318.2      708.92]
  [     1356.9      790.99]
  [       1303      798.99]]]