[[[     1816.6      15.143]
  [     1832.8           0]
  [     1774.4           0]
  [          0           0]
  [     1694.6       47.45]
  [     1913.8       228.1]
  [     1598.7      246.02]
  [          0           0]
  [     1522.8      495.56]
  [          0           0]
  [     1518.4      686.01]
  [     1884.4      701.87]
  [     1668.1      707.03]
  [          0           0]
  [     1608.8      1018.4]
  [          0           0]
  [          0           0]]

 [[     1271.1       272.8]
  [     1280.8      248.95]
  [     1251.7      262.39]
  [     1313.9      242.43]
  [          0           0]
  [     1380.7      355.47]
  [     1214.6      355.92]
  [     1411.8      495.41]
  [     1140.1      423.98]
  [     1369.1      609.25]
  [     1202.4      318.04]
  [     1318.2      614.79]
  [     1208.1      609.79]
  [     1308.2      809.17]
  [     1174.9      796.49]
  [     1284.4      965.51]
  [     1187.7      943.98]]]