[[[     1482.8       198.7]
  [     1506.5      175.77]
  [     1471.2      180.71]
  [     1566.6      189.01]
  [          0           0]
  [     1620.7      329.55]
  [     1449.5      337.11]
  [     1665.4      500.71]
  [     1404.5      500.11]
  [     1599.1      655.56]
  [     1384.3      633.21]
  [       1562      657.69]
  [     1450.6      654.54]
  [     1584.4      874.68]
  [     1476.1      861.25]
  [     1622.1      1054.5]
  [     1508.1      1039.3]]

 [[     915.32      288.27]
  [     918.76      274.23]
  [     897.34      271.48]
  [          0           0]
  [     844.91      284.58]
  [      926.8      410.09]
  [     792.45      396.16]
  [     947.29      546.06]
  [     797.37      532.09]
  [     973.76      644.64]
  [     928.18       547.9]
  [     910.11      667.32]
  [     818.17      667.43]
  [     895.03       851.2]
  [     806.24      860.74]
  [     880.39      1015.2]
  [     783.69      1031.6]]

 [[     1177.2      250.07]
  [     1191.6      230.92]
  [     1170.5      237.57]
  [     1243.4      237.52]
  [          0           0]
  [     1300.8      350.49]
  [     1150.7      356.35]
  [       1321      491.95]
  [     1116.8      481.29]
  [     1271.9      604.39]
  [     1109.5      584.73]
  [     1256.1      613.98]
  [     1155.3      613.85]
  [     1268.5      794.86]
  [     1172.4      788.43]
  [     1288.9      960.47]
  [       1188       941.6]]]