[[[     1059.5      416.09]
  [       1060      407.14]
  [       1052      407.02]
  [          0           0]
  [     1024.5      411.75]
  [       1061      466.91]
  [     995.12      470.14]
  [     1074.2      534.16]
  [     988.22      542.84]
  [     1080.5      590.54]
  [     1007.1      606.57]
  [     1058.5      607.08]
  [     1013.4      608.71]
  [     1049.2      702.95]
  [     1005.2      704.59]
  [     1042.4      782.71]
  [     995.21      789.53]]

 [[       1363      367.85]
  [     1374.7      357.22]
  [     1356.2      357.17]
  [     1398.7      364.19]
  [          0           0]
  [     1427.1      430.21]
  [     1336.9      434.24]
  [     1446.1      519.53]
  [     1315.9      517.46]
  [     1423.2      594.01]
  [     1309.3      587.88]
  [       1400      590.02]
  [     1339.7      591.83]
  [     1412.2      701.04]
  [     1358.7       700.3]
  [     1421.1      808.21]
  [     1367.5      796.56]]

 [[     1246.5      379.22]
  [     1256.9      369.74]
  [     1239.6         369]
  [     1273.4      375.87]
  [     1229.6      374.48]
  [     1292.8      435.32]
  [     1211.5      434.65]
  [     1302.6      510.91]
  [       1194      504.47]
  [     1280.1      571.47]
  [       1191      564.54]
  [     1271.4      581.91]
  [     1218.6      580.34]
  [     1271.8      686.51]
  [       1222      684.14]
  [     1284.3      778.06]
  [     1235.6       769.9]]]