[[[     1416.3      236.08]
  [     1435.6      216.05]
  [     1412.1      218.34]
  [     1494.9      224.78]
  [          0           0]
  [     1544.6      354.59]
  [     1402.6      357.61]
  [     1581.6      509.15]
  [     1365.9      503.44]
  [     1522.9      645.56]
  [       1346      621.53]
  [     1494.9      649.12]
  [     1400.7       644.9]
  [     1518.1      846.54]
  [     1424.2      829.79]
  [     1538.3      1023.1]
  [     1444.9      1002.2]]

 [[     1231.8      283.79]
  [       1245       265.3]
  [     1225.5      269.95]
  [     1293.9       269.4]
  [          0           0]
  [     1350.6      376.26]
  [     1202.7      372.61]
  [     1370.9      503.65]
  [       1160      489.05]
  [     1328.5      603.41]
  [     1153.2      586.31]
  [     1295.9      619.62]
  [     1197.1      612.69]
  [     1283.1      791.33]
  [     1171.6      778.56]
  [     1259.1      939.04]
  [     1169.1      912.76]]

 [[     923.31      319.18]
  [     925.82      306.58]
  [     906.73      303.64]
  [          0           0]
  [     858.08      314.34]
  [     930.43      422.63]
  [     809.35      412.88]
  [     947.83      542.25]
  [     796.75      546.01]
  [     953.85      639.54]
  [     833.45      653.95]
  [     918.22      663.33]
  [     837.15       662.6]
  [     899.66      825.29]
  [     823.08      832.47]
  [      888.7      960.21]
  [     798.02      991.46]]]