[[[     1320.1       353.9]
  [     1332.6      341.66]
  [       1314      342.65]
  [     1363.7      347.83]
  [          0           0]
  [       1395      423.95]
  [     1296.4       424.3]
  [     1412.1      522.34]
  [     1274.9      516.05]
  [     1381.4      602.84]
  [     1264.8      592.96]
  [     1361.2      603.24]
  [       1295      603.25]
  [     1366.8      721.26]
  [       1314      719.77]
  [     1375.6      835.09]
  [       1324      822.99]]

 [[     971.64      397.39]
  [     975.11      388.06]
  [     959.86      388.65]
  [          0           0]
  [     932.09      397.22]
  [     990.21      457.31]
  [     909.48      461.99]
  [     1006.6      529.21]
  [     900.61      545.25]
  [     1007.8      593.75]
  [     914.67      617.63]
  [     984.21      612.29]
  [     929.27      613.79]
  [     979.57      719.56]
  [     925.62         724]
  [     975.12      813.04]
  [     916.95      821.81]]

 [[       1161         363]
  [     1170.9      351.79]
  [     1158.3      354.12]
  [     1203.2      355.71]
  [          0           0]
  [     1235.3      421.66]
  [     1150.4      428.55]
  [     1247.5      505.29]
  [     1129.5      504.55]
  [     1222.3      574.78]
  [     1127.9       567.7]
  [     1209.2      583.84]
  [     1151.7      585.77]
  [     1210.7      697.29]
  [       1158       696.7]
  [     1220.6      801.89]
  [     1176.4      787.62]]]