[[[     1428.1      223.39]
  [     1448.5      202.28]
  [       1424      204.92]
  [     1511.6      211.87]
  [          0           0]
  [     1565.1      342.79]
  [     1413.8      348.44]
  [       1608      503.91]
  [       1376      504.97]
  [     1547.6      648.28]
  [     1358.1      629.73]
  [     1516.4      651.42]
  [       1417      648.68]
  [     1538.2      849.63]
  [     1441.4      839.91]
  [     1569.1      1029.7]
  [     1465.8      1011.8]]

 [[       1226      272.24]
  [     1238.2       252.4]
  [     1219.2      258.92]
  [     1289.2      253.77]
  [          0           0]
  [     1349.1      367.54]
  [     1201.4      363.86]
  [     1367.5      505.19]
  [     1154.4      484.59]
  [     1325.5      603.98]
  [     1146.4       582.1]
  [     1290.8      618.15]
  [     1192.4      609.79]
  [     1283.6       795.2]
  [     1167.6      779.64]
  [     1268.3      946.22]
  [     1174.3       923.4]]

 [[     918.46      308.36]
  [     921.09      294.78]
  [     901.52      293.55]
  [          0           0]
  [     851.92      306.73]
  [     928.34      417.45]
  [     802.13      409.14]
  [     947.29      539.91]
  [     789.24      539.66]
  [     957.31      634.59]
  [     820.11      645.75]
  [     913.94      665.67]
  [     830.19      665.64]
  [     897.57      836.49]
  [     816.76      842.18]
  [     884.07      983.47]
  [      792.3      1003.2]]]