[[[     1343.4      420.13]
  [          0           0]
  [     1335.4      414.13]
  [          0           0]
  [     1309.5      422.59]
  [       1345       470.7]
  [     1280.3      473.25]
  [     1356.4      529.65]
  [     1271.5      542.39]
  [       1362      583.26]
  [     1288.9      596.62]
  [     1337.7      597.63]
  [     1293.7      599.79]
  [     1328.4      685.91]
  [     1286.4      686.59]
  [     1319.3      763.44]
  [     1270.1      768.51]]

 [[     1531.7      377.48]
  [     1541.4      368.35]
  [     1523.3      369.12]
  [       1556       374.8]
  [     1511.1      377.97]
  [       1580      430.93]
  [     1493.4      436.07]
  [       1594      501.44]
  [     1474.7      502.03]
  [     1560.7      558.28]
  [     1472.8      555.13]
  [     1552.5      574.21]
  [       1496      573.85]
  [     1555.5      673.73]
  [     1505.2      672.59]
  [     1563.7      764.18]
  [       1515       754.8]]

 [[     1639.6      368.64]
  [     1649.1      357.26]
  [          0           0]
  [     1683.2      360.81]
  [          0           0]
  [     1717.5      422.88]
  [     1652.5      426.82]
  [     1715.8         516]
  [     1631.3      508.77]
  [     1656.6      571.44]
  [     1592.9      549.22]
  [     1684.4       582.2]
  [     1638.4      581.42]
  [     1685.8      692.66]
  [     1648.8      690.59]
  [     1689.1      799.99]
  [     1652.5      787.19]]]