[[[     1209.3      311.36]
  [     1216.7      297.61]
  [       1194      301.72]
  [     1225.8      307.56]
  [     1167.4      317.76]
  [     1258.8      399.75]
  [     1133.9      398.42]
  [       1277      501.52]
  [     1100.4      496.64]
  [     1248.3      587.38]
  [     1101.4      581.75]
  [     1222.9      602.13]
  [     1139.7      599.61]
  [     1221.3      743.29]
  [       1131      738.59]
  [     1214.6      873.41]
  [     1139.1      854.99]]

 [[     935.32      366.78]
  [     936.35      353.88]
  [      924.8      353.61]
  [          0           0]
  [        885      357.36]
  [     931.12      439.13]
  [     834.89      438.36]
  [     951.41       533.9]
  [     826.02      546.22]
  [     960.14      610.42]
  [     856.18       633.7]
  [     931.82      639.04]
  [     863.89      639.94]
  [      913.4      773.76]
  [     852.64      780.14]
  [     904.64      889.57]
  [     835.97      908.34]]

 [[       1341      296.48]
  [     1355.4      279.52]
  [     1338.7      281.79]
  [     1404.5       285.9]
  [          0           0]
  [     1442.4      385.34]
  [     1347.3      386.62]
  [     1447.8      511.36]
  [     1325.4         512]
  [     1398.4      613.14]
  [     1295.8      610.18]
  [     1400.2      618.27]
  [     1333.3      614.75]
  [     1410.2      776.97]
  [     1353.1      767.84]
  [     1431.6      930.95]
  [     1360.5      907.75]]]