[[[          0           0]
  [          0           0]
  [          0           0]
  [          0           0]
  [     1805.3      11.438]
  [          0           0]
  [     1681.8      221.54]
  [          0           0]
  [       1600       487.4]
  [          0           0]
  [       1599      676.19]
  [          0           0]
  [     1769.7      704.96]
  [          0           0]
  [     1743.3      1035.1]
  [          0           0]
  [          0           0]]

 [[     1271.1      273.69]
  [     1280.6      250.22]
  [     1251.8      263.11]
  [     1311.8      242.93]
  [          0           0]
  [     1378.4      353.57]
  [     1212.4      354.29]
  [     1411.4       493.1]
  [     1139.6       423.9]
  [       1369      608.64]
  [     1201.4       318.4]
  [     1317.6      613.29]
  [     1207.6      608.66]
  [     1308.1      807.88]
  [     1174.5      796.29]
  [     1284.9      965.25]
  [     1188.2      944.03]]]