[[[       1689      353.83]
  [     1702.2      342.66]
  [     1682.7      343.12]
  [     1731.5      350.35]
  [          0           0]
  [     1760.1      416.66]
  [     1669.6      423.93]
  [     1777.2      510.09]
  [     1641.6      509.99]
  [     1741.4      587.42]
  [     1622.6      578.86]
  [       1718      586.34]
  [     1657.3       587.6]
  [     1725.7      701.63]
  [       1679      698.59]
  [       1733      816.08]
  [     1682.6      797.23]]

 [[     1355.9      414.07]
  [     1354.8      406.54]
  [     1347.6      406.98]
  [          0           0]
  [     1319.7      412.98]
  [     1353.9      463.98]
  [       1288       465.9]
  [     1367.5      526.51]
  [     1280.5      538.43]
  [     1374.5      582.82]
  [     1297.9      599.49]
  [     1349.5      597.95]
  [     1305.2      600.49]
  [     1339.7      690.77]
  [     1297.4      693.15]
  [     1331.9      774.99]
  [     1279.7      779.68]]

 [[     1547.5      370.03]
  [     1558.4      360.02]
  [     1539.8      360.02]
  [     1578.3      365.32]
  [     1531.3      366.68]
  [     1603.6       424.7]
  [     1512.2      428.88]
  [     1616.6      499.59]
  [     1491.2      500.42]
  [     1586.6      565.06]
  [     1489.5      558.91]
  [       1575      576.77]
  [     1515.6      575.62]
  [     1580.3      679.67]
  [     1526.3      677.11]
  [     1587.3      777.22]
  [     1532.1      763.42]]]