[[[     1475.7       196.6]
  [     1498.4      173.85]
  [     1470.2      177.14]
  [     1566.7      184.78]
  [          0           0]
  [       1628      327.95]
  [     1452.2      332.48]
  [     1678.1       499.4]
  [     1406.7      498.27]
  [     1613.9      655.64]
  [     1385.5      629.82]
  [     1569.9      657.53]
  [     1455.7      652.94]
  [     1586.1      875.35]
  [     1477.9      861.15]
  [     1616.6      1053.2]
  [       1507      1038.7]]

 [[     1207.5      251.09]
  [     1226.4      234.09]
  [     1201.5      234.73]
  [     1276.5       245.4]
  [          0           0]
  [     1329.8      354.73]
  [       1168      355.96]
  [     1358.6      486.96]
  [     1130.3      481.76]
  [     1310.4      603.61]
  [     1125.6      586.84]
  [     1282.1      618.22]
  [     1175.7      614.68]
  [       1283      800.44]
  [     1175.4       793.7]
  [       1289      968.35]
  [     1187.2      941.28]]

 [[      867.2      338.91]
  [          0           0]
  [        858      323.17]
  [          0           0]
  [     812.93      321.78]
  [     875.76      399.89]
  [     751.66      392.55]
  [     940.89      427.52]
  [     701.21       349.2]
  [     898.36      340.88]
  [     803.64      289.66]
  [     869.66      660.49]
  [     795.85      665.72]
  [     848.98      851.38]
  [     796.41      855.62]
  [     819.97      988.49]
  [     787.29      1026.5]]]