[[[     1605.5      377.74]
  [     1614.8      367.01]
  [          0           0]
  [     1647.7      370.54]
  [          0           0]
  [     1681.6      430.39]
  [     1617.2      435.95]
  [     1693.3      516.05]
  [     1593.2      515.28]
  [     1666.1      587.37]
  [     1567.5      582.49]
  [     1645.1      587.83]
  [     1601.5      586.88]
  [       1653      694.92]
  [     1616.2      688.83]
  [     1659.3      798.09]
  [     1628.2      779.49]]

 [[     1510.7      386.64]
  [     1519.8      377.21]
  [     1504.7      378.84]
  [     1539.4      381.85]
  [          0           0]
  [     1561.4      434.46]
  [     1485.6      441.68]
  [     1568.8      507.03]
  [     1465.3      508.87]
  [     1542.3      562.39]
  [     1461.2      560.47]
  [       1533       575.7]
  [     1480.7      577.19]
  [     1540.2      672.58]
  [     1488.3      667.78]
  [     1542.9      767.06]
  [       1496      748.36]]

 [[     1331.8       428.1]
  [     1331.2      421.46]
  [     1324.5      421.37]
  [          0           0]
  [     1299.3      427.15]
  [     1330.9      475.92]
  [     1270.8      476.31]
  [     1343.8      534.58]
  [     1262.5      542.78]
  [     1350.4      585.16]
  [     1278.1         597]
  [     1326.3      599.62]
  [     1285.3      601.13]
  [     1316.6      684.57]
  [     1276.7      686.38]
  [     1309.4      760.28]
  [     1261.8      762.87]]]