[[[     1335.4      367.95]
  [     1347.5      357.32]
  [       1329      356.94]
  [     1371.3       364.3]
  [          0           0]
  [     1400.3       431.5]
  [     1310.3      434.29]
  [       1418      521.02]
  [     1288.2      516.33]
  [     1391.3       595.3]
  [     1280.9      587.95]
  [     1370.5       592.9]
  [     1309.5       593.7]
  [     1382.5      701.99]
  [     1329.8      698.71]
  [     1392.6       807.7]
  [     1333.5      793.47]]

 [[     1033.1      416.29]
  [     1033.3      408.66]
  [     1024.7      408.53]
  [          0           0]
  [     997.26      413.63]
  [     1033.6       467.4]
  [      968.5      467.72]
  [     1047.3      534.08]
  [     960.81      543.43]
  [     1051.9      591.68]
  [     979.16      606.38]
  [     1029.9      606.35]
  [     986.67      608.42]
  [     1022.5      702.68]
  [     980.96      704.76]
  [     1016.3      788.18]
  [     964.85      796.03]]

 [[     1217.3       378.2]
  [     1228.2      369.51]
  [     1210.7       368.1]
  [       1244      376.86]
  [     1200.8      374.36]
  [     1264.4      434.65]
  [       1181      435.36]
  [     1275.8      509.15]
  [     1163.6      507.85]
  [     1250.7      572.37]
  [     1162.6      564.46]
  [     1240.3       581.6]
  [     1185.6       579.5]
  [     1243.2      682.22]
  [     1194.7      680.52]
  [     1251.7      778.26]
  [     1201.7      764.96]]]