[[[     636.78       345.5]
  [     653.54      332.64]
  [     622.17      331.05]
  [     677.77      344.24]
  [     599.22      340.02]
  [     707.53      435.02]
  [     564.76       429.8]
  [      741.6      542.86]
  [     535.92      536.21]
  [     751.25      636.48]
  [     514.96      631.24]
  [     681.49      660.55]
  [     586.98       658.8]
  [     693.45      826.91]
  [     590.67      821.77]
  [     699.35      976.85]
  [     598.21      972.33]]

 [[     1002.4      323.27]
  [     1017.1       309.8]
  [     988.65      310.19]
  [     1041.2      318.64]
  [     969.95       319.2]
  [     1075.1      410.84]
  [      940.9      411.36]
  [     1108.8      517.75]
  [     917.55      520.44]
  [     1128.6      615.36]
  [     900.62      621.41]
  [     1050.5      642.05]
  [      961.1      641.53]
  [     1052.4      805.49]
  [      950.7      803.63]
  [       1046      961.64]
  [        943      960.22]]]