[[[     972.65      430.22]
  [     977.55      421.94]
  [     962.57      423.44]
  [     983.96      425.68]
  [     946.01      429.01]
  [     1005.7       475.4]
  [     924.34      479.34]
  [     1034.6      521.79]
  [      905.8      539.91]
  [     1064.3      535.09]
  [     907.58      596.52]
  [     998.95      606.97]
  [     945.34      610.78]
  [     1015.5      700.14]
  [     949.54      703.55]
  [     1026.2      789.51]
  [     958.68      794.84]]

 [[          0           0]
  [          0           0]
  [     850.06      404.79]
  [          0           0]
  [     829.55      406.45]
  [     811.04      459.67]
  [     790.08      462.71]
  [          0           0]
  [     782.42      547.77]
  [          0           0]
  [     809.64      615.43]
  [     812.49      609.95]
  [     800.48      613.85]
  [     811.52       729.4]
  [     797.79      736.03]
  [     801.58      845.84]
  [     788.42      858.51]]]