[[[          0           0]
  [          0           0]
  [          0           0]
  [          0           0]
  [     913.28      472.18]
  [     849.88      493.01]
  [     914.42      499.25]
  [     814.84      541.84]
  [     924.28      555.37]
  [     837.83      577.77]
  [     933.01      581.51]
  [     854.22      608.46]
  [     898.14      611.43]
  [     859.23      703.53]
  [     917.98      697.95]
  [     863.56       795.7]
  [     911.94      781.45]]

 [[          0           0]
  [          0           0]
  [          0           0]
  [     1118.9      423.24]
  [          0           0]
  [     1116.2      468.92]
  [     1203.2       464.6]
  [     1109.5       526.9]
  [     1250.7      527.26]
  [     1100.2      606.17]
  [     1247.1      595.16]
  [       1137      633.58]
  [     1195.7      628.23]
  [     1131.5       763.1]
  [     1195.5      743.02]
  [       1143      889.03]
  [     1206.5      854.23]]]