[[[     1194.1      419.89]
  [     1204.6         412]
  [     1193.9      411.57]
  [     1233.1      418.55]
  [          0           0]
  [     1266.4      471.94]
  [     1192.4      474.75]
  [     1273.5      539.39]
  [     1174.6      544.93]
  [     1216.1      579.52]
  [     1143.4      596.98]
  [     1250.3      619.79]
  [     1199.6      617.18]
  [     1257.9      734.55]
  [     1203.9      724.69]
  [     1273.4      840.42]
  [     1226.3       826.5]]

 [[      986.9      403.77]
  [     986.55      395.69]
  [     976.79      396.37]
  [          0           0]
  [     948.68      404.21]
  [     968.12       459.4]
  [     921.97      456.19]
  [     956.31      525.77]
  [      883.5      516.13]
  [     988.86      559.03]
  [     940.91      553.95]
  [     970.94      608.67]
  [     940.12      612.51]
  [     972.64      718.29]
  [     930.61      728.87]
  [     957.73      817.65]
  [     912.13      836.84]]]