[[[     1013.8       440.4]
  [     1020.9      432.16]
  [     1005.9      433.28]
  [     1033.6      434.53]
  [     994.94      436.78]
  [     1054.9      477.19]
  [     980.94       482.2]
  [       1077       537.6]
  [     964.91      524.58]
  [     1092.9       589.6]
  [     993.61      473.83]
  [     1046.5      610.56]
  [     996.55      613.88]
  [     1053.1      707.29]
  [     996.34      710.03]
  [     1052.6       796.9]
  [     995.05      793.31]]

 [[     799.16      454.36]
  [     805.26      446.41]
  [     791.17      448.38]
  [     819.64      449.43]
  [     781.63      453.98]
  [     846.95      493.94]
  [     769.32      496.73]
  [     865.85      551.47]
  [     738.49      518.53]
  [      868.1      607.67]
  [     760.16      464.11]
  [     835.46      618.11]
  [      784.8      621.78]
  [        847      706.63]
  [     796.21      711.65]
  [     852.67      792.61]
  [     800.48      795.36]]]