[[[     80.576      466.27]
  [     91.185      459.67]
  [     72.072      457.06]
  [      105.2       469.8]
  [     55.833      462.23]
  [     125.04      522.27]
  [     24.895      511.11]
  [     152.38      580.71]
  [          0           0]
  [     154.17      635.85]
  [          0           0]
  [     99.603       652.7]
  [     33.449      650.09]
  [     110.47      749.29]
  [     33.714      752.68]
  [     111.79      838.07]
  [     32.078       841.1]]

 [[     318.49      459.34]
  [     326.37      451.48]
  [     310.06      452.54]
  [     340.58      457.35]
  [     297.83      459.45]
  [     364.42      505.25]
  [     276.37      508.83]
  [     385.89      556.07]
  [     254.02      562.34]
  [     397.76      607.15]
  [     252.29      619.43]
  [     350.71      632.78]
  [     289.45      634.21]
  [     359.37      717.33]
  [     265.11      722.62]
  [     355.59      804.74]
  [     260.99      810.61]]]