[[[     1152.9      499.11]
  [     1159.8      491.49]
  [     1148.2      492.34]
  [     1180.1         485]
  [          0           0]
  [     1208.5         515]
  [     1146.7      515.97]
  [     1230.7      565.03]
  [     1134.3      565.54]
  [     1229.9      612.71]
  [     1119.6      603.91]
  [     1194.4      622.01]
  [     1155.3      619.87]
  [       1195      707.05]
  [     1155.3      698.61]
  [     1196.3      787.79]
  [     1170.8      777.24]]

 [[     1017.2      475.04]
  [          0           0]
  [     1010.9      466.27]
  [          0           0]
  [     988.52      464.62]
  [     972.81      500.39]
  [     986.13      500.46]
  [          0           0]
  [     1011.3       558.7]
  [          0           0]
  [     1065.9      571.47]
  [     968.79      610.65]
  [     977.63      613.08]
  [     976.64       695.5]
  [      984.7      699.66]
  [     968.42      776.77]
  [     965.37      787.38]]]