[[[     985.67      421.12]
  [     994.19      413.88]
  [      984.8      414.14]
  [     1022.9      417.44]
  [          0           0]
  [     1060.9      467.56]
  [     979.98      469.44]
  [     1082.2      529.86]
  [     963.62      532.07]
  [     1089.7      587.86]
  [     954.66      592.56]
  [     1045.9      607.54]
  [     991.53      607.93]
  [     1057.6      708.16]
  [     993.15      708.28]
  [     1062.5      802.64]
  [     994.35      807.37]]

 [[     807.44      435.96]
  [     815.68      429.04]
  [     799.87      428.76]
  [     829.36      435.79]
  [     787.87      434.71]
  [     850.55      486.99]
  [     765.98      485.52]
  [     871.93      548.52]
  [     750.56      546.71]
  [     878.42      608.06]
  [     745.95      607.08]
  [     837.37      619.64]
  [     781.37      619.73]
  [     844.01       716.2]
  [     785.44      716.03]
  [     848.21      806.91]
  [     788.06      806.99]]]