[[[     622.96      474.66]
  [          0           0]
  [     617.25      466.51]
  [          0           0]
  [     595.24      464.96]
  [     583.31      501.07]
  [      583.6      501.46]
  [          0           0]
  [     612.11       559.5]
  [          0           0]
  [     665.39      550.27]
  [      566.8       618.5]
  [     566.38      621.03]
  [     573.05       712.8]
  [      574.8      717.34]
  [     577.07      795.62]
  [     572.76      804.91]]

 [[     749.33      503.74]
  [     753.58      495.62]
  [     745.83      497.25]
  [     771.41      487.25]
  [          0           0]
  [     799.22      519.33]
  [     759.13      524.58]
  [     806.47      572.89]
  [     759.08      579.19]
  [     793.76      616.64]
  [     744.19      617.41]
  [     789.23      624.54]
  [     762.63      624.48]
  [     787.29      705.19]
  [     766.15      701.34]
  [     798.45      783.75]
  [     772.47      777.97]]]