[[[     1188.9      428.54]
  [     1199.3       420.7]
  [     1182.7      420.25]
  [     1221.9      425.93]
  [          0           0]
  [       1248      479.94]
  [     1167.8      479.54]
  [     1269.7      545.73]
  [     1156.1      545.47]
  [     1256.3      610.04]
  [     1142.4      604.17]
  [     1225.8      623.92]
  [     1173.6      622.22]
  [     1233.8      733.96]
  [     1188.2      725.71]
  [     1248.6      834.18]
  [       1204       822.3]]

 [[     971.67      410.82]
  [     971.26      403.17]
  [     962.56      403.76]
  [          0           0]
  [      936.7      409.61]
  [     957.43      460.06]
  [     910.24      458.09]
  [     953.63      522.26]
  [     875.86      516.21]
  [     978.04      560.66]
  [     929.09      557.19]
  [     959.41      606.09]
  [     928.38      609.83]
  [     961.59      712.61]
  [     924.64      721.82]
  [     948.87      813.43]
  [     900.96      829.93]]]