[[[     937.95       377.6]
  [     947.99      364.97]
  [     924.76      368.17]
  [     967.91      369.59]
  [     908.98       377.5]
  [     1002.7      442.27]
  [     892.08      451.34]
  [     1028.3         524]
  [     869.91      534.96]
  [     1038.9       595.8]
  [     852.71      612.66]
  [     983.64      635.18]
  [     909.17      637.43]
  [     978.38      768.37]
  [     888.75      772.32]
  [     967.86      897.61]
  [     881.42      902.03]]

 [[     733.11      374.17]
  [     740.57      363.95]
  [     725.95       354.9]
  [          0           0]
  [     680.17      338.62]
  [     681.25      424.69]
  [     621.86      409.93]
  [          0           0]
  [     607.73      544.94]
  [          0           0]
  [     656.54      664.16]
  [     680.22         655]
  [     642.81      655.64]
  [     666.85      843.23]
  [     639.58      855.84]
  [     649.73      1014.2]
  [     616.29      1039.5]]]