[[[     1004.5      443.27]
  [     1011.4      435.96]
  [     997.54      436.28]
  [     1023.5      439.39]
  [     987.09      439.68]
  [     1041.5       481.8]
  [     969.13      483.53]
  [     1059.8      529.47]
  [      946.7      533.79]
  [     1061.1      560.13]
  [     971.46      563.16]
  [     1030.3       601.5]
  [     981.36      602.98]
  [     1034.5      686.94]
  [     973.77      689.78]
  [     1035.6      771.23]
  [     961.94      774.93]]

 [[     873.92      434.73]
  [          0           0]
  [     870.51      426.86]
  [          0           0]
  [     850.59      429.15]
  [     829.88      472.38]
  [     825.48      475.41]
  [          0           0]
  [     825.96      546.08]
  [          0           0]
  [     857.12      596.68]
  [     830.23      606.03]
  [      828.6       608.9]
  [     833.47      716.88]
  [     824.33      718.29]
  [     826.13      823.79]
  [      816.4      827.13]]]