[[[     1232.9      413.65]
  [     1243.9      404.66]
  [     1223.8      403.17]
  [     1259.4      409.15]
  [     1208.1      405.56]
  [     1280.2      469.63]
  [     1183.9      464.22]
  [     1300.1      544.99]
  [     1168.4      535.23]
  [     1285.9      621.01]
  [     1152.8      601.99]
  [       1257      630.74]
  [     1194.1      627.67]
  [     1268.8       752.3]
  [     1209.7      740.55]
  [     1283.1      868.92]
  [     1233.1      849.97]]

 [[      964.7      391.05]
  [      964.2      382.88]
  [     954.68      382.99]
  [          0           0]
  [     923.97      390.99]
  [     953.61      453.39]
  [     893.99      451.43]
  [     958.06      530.81]
  [     890.77      526.89]
  [     981.03       588.4]
  [     925.03      600.89]
  [      957.5      615.92]
  [     916.71      619.52]
  [     959.99      730.48]
  [     911.58      742.22]
  [     945.18      841.03]
  [     895.65      860.82]]]