[[[     750.76      457.63]
  [     758.32      450.06]
  [     745.48      449.85]
  [      774.5      447.58]
  [     738.89      447.25]
  [     796.32      487.47]
  [     725.71      485.96]
  [     813.21      540.68]
  [     709.43      535.77]
  [     823.63      584.65]
  [      691.5      582.43]
  [      775.3      604.41]
  [     728.17      602.71]
  [      780.7      682.83]
  [     718.24      681.29]
  [     773.35      762.68]
  [     716.29      764.37]]

 [[     529.82      451.61]
  [     536.47      444.75]
  [     521.95      445.22]
  [      547.2      448.99]
  [     508.97       449.9]
  [     568.45      492.77]
  [     488.33      495.97]
  [     593.25      543.64]
  [     472.61      552.37]
  [     600.18      593.74]
  [     464.45      604.05]
  [     563.93      610.18]
  [     511.07      613.11]
  [      577.5      693.55]
  [     519.01       697.3]
  [     585.76      776.28]
  [     526.77      781.33]]]