[[[     971.26      476.51]
  [     976.14      471.62]
  [     965.85       471.3]
  [     981.94      476.17]
  [     955.49      474.73]
  [     992.69      510.21]
  [     939.61      509.29]
  [     1005.5      549.65]
  [     927.53      548.27]
  [     1010.5      585.88]
  [     923.11      585.73]
  [     987.71      598.45]
  [     951.88       598.6]
  [     990.25       663.8]
  [     943.03       665.4]
  [     992.44      727.79]
  [     940.77      729.53]]

 [[          0           0]
  [          0           0]
  [          0           0]
  [          0           0]
  [     877.03      477.38]
  [     841.54      503.92]
  [     865.45      507.09]
  [          0           0]
  [     868.26      558.68]
  [          0           0]
  [     885.81      600.98]
  [     844.38      601.28]
  [     860.78      603.45]
  [     851.04      684.89]
  [     858.66      685.81]
  [     842.13      759.28]
  [     844.33      763.71]]]