[[[     562.33      470.96]
  [          0           0]
  [     557.58      462.99]
  [          0           0]
  [     536.27      460.24]
  [     520.34      496.72]
  [     521.64      497.43]
  [          0           0]
  [      552.2      556.23]
  [          0           0]
  [      606.2      554.17]
  [     505.18      616.26]
  [     505.97      619.11]
  [     522.06      704.32]
  [     526.12      708.66]
  [     517.94      792.18]
  [     509.91      801.29]]

 [[     693.77       500.8]
  [     697.77      492.56]
  [     689.76      494.63]
  [     715.26      484.87]
  [          0           0]
  [     741.48      514.63]
  [     705.86      518.93]
  [     751.72      567.57]
  [          0           0]
  [     732.66      609.41]
  [          0           0]
  [     731.83      619.56]
  [     709.03      619.82]
  [     730.35      700.61]
  [     710.17      698.15]
  [     739.11      781.51]
  [     724.01      775.69]]]