[[[       1004      483.15]
  [     1009.4      477.21]
  [     997.84      477.61]
  [       1019      480.81]
  [     987.55      481.64]
  [     1039.2      516.63]
  [     971.78      517.82]
  [     1059.9       562.9]
  [     958.96      564.07]
  [     1029.1      554.87]
  [     993.05      557.33]
  [     1028.8       621.4]
  [     982.75      621.62]
  [     1027.5      699.93]
  [      974.8      700.77]
  [       1028      772.85]
  [     967.21      774.84]]

 [[     897.56      470.74]
  [          0           0]
  [     889.36      464.49]
  [          0           0]
  [     866.62      472.27]
  [     866.99         512]
  [     860.85      516.29]
  [          0           0]
  [     854.38      577.65]
  [          0           0]
  [     872.17      627.79]
  [     867.73      627.66]
  [     865.37      630.56]
  [     858.62      718.91]
  [     860.81      722.11]
  [     849.53      806.64]
  [     848.65      812.92]]]