[[[     943.39      342.27]
  [     956.12      329.16]
  [      929.2       330.2]
  [     975.95       335.2]
  [     909.48      337.29]
  [       1006      417.62]
  [     883.67      419.42]
  [     1034.9      515.88]
  [     858.32      521.62]
  [     1058.3      602.63]
  [     846.66      613.26]
  [     980.47      632.22]
  [     898.34      631.84]
  [     970.52      787.95]
  [     873.25      790.15]
  [     948.62      930.05]
  [     851.08      936.38]]

 [[     680.61      326.49]
  [     689.25      311.59]
  [     673.77      304.15]
  [          0           0]
  [     615.25      276.58]
  [     624.86      371.27]
  [     548.66      353.51]
  [      640.9      508.49]
  [     539.53      521.03]
  [      689.6      424.31]
  [     607.55      669.08]
  [     628.78      657.22]
  [     576.05      660.07]
  [     602.58      893.78]
  [      572.8      918.61]
  [      577.6      1038.1]
  [     533.49        1080]]]