[[[     974.52       406.3]
  [     983.85      398.21]
  [     974.45      398.34]
  [     1016.9      402.03]
  [          0           0]
  [     1059.5      457.76]
  [     973.51      456.96]
  [     1080.7      529.73]
  [     957.36         525]
  [     1076.6      595.65]
  [     938.55      588.87]
  [       1032      612.99]
  [     974.36      610.53]
  [     1042.3      722.75]
  [     972.58      718.32]
  [     1046.9       821.5]
  [     978.45      820.22]]

 [[     784.44      415.83]
  [      794.4       408.9]
  [        776      406.86]
  [     805.91      420.32]
  [     758.73      414.56]
  [     819.79      479.76]
  [     726.84      473.67]
  [     836.29      543.68]
  [     707.74       539.3]
  [     829.36      593.83]
  [     711.59      602.27]
  [     805.28       623.4]
  [     742.85      622.47]
  [     814.02      730.08]
  [     748.94      729.85]
  [     815.06      826.57]
  [     748.73      828.06]]]