[[[     766.61      399.52]
  [     772.23      389.54]
  [     754.01      387.85]
  [          0           0]
  [     718.43      390.88]
  [     780.43      463.35]
  [     671.04      457.41]
  [     808.04      547.37]
  [     643.05      540.48]
  [      812.1      619.46]
  [     633.63      613.59]
  [     764.99      643.38]
  [     692.24      642.63]
  [     776.67      776.15]
  [     696.37      775.14]
  [     772.41       892.7]
  [     696.54      892.48]]

 [[     986.77      373.68]
  [     998.15      362.47]
  [     976.25      364.05]
  [     1024.9      369.71]
  [          0           0]
  [     1064.2      438.07]
  [     949.96      438.83]
  [     1088.9      520.19]
  [     920.21      520.13]
  [     1052.6      478.28]
  [     989.07       490.6]
  [       1044      627.26]
  [      967.2      628.12]
  [     1050.2      766.14]
  [     973.34      765.58]
  [     1059.2      888.03]
  [     973.77      890.11]]]