[[[     771.55      393.08]
  [     776.42      383.37]
  [      759.6      381.95]
  [          0           0]
  [      723.6      386.04]
  [     784.06      460.72]
  [     672.55      453.63]
  [     809.14      542.44]
  [     647.39      533.71]
  [     816.58      608.42]
  [     636.52      609.62]
  [     769.16      633.96]
  [     695.47      633.61]
  [     782.48      762.11]
  [      700.1      761.74]
  [     777.91       879.6]
  [     699.68      880.35]]

 [[     988.11      369.53]
  [     997.86      358.58]
  [     976.75      360.75]
  [     1021.1      365.59]
  [     965.28      371.47]
  [       1060      433.66]
  [     950.52      433.46]
  [     1085.1      513.48]
  [     921.84      510.42]
  [     1056.8      462.69]
  [      985.1      486.44]
  [       1037      616.01]
  [     963.36      616.12]
  [     1042.7      751.21]
  [     969.61       748.7]
  [     1056.6      870.08]
  [     969.23      873.32]]]