[[[     1479.2      227.77]
  [     1507.1       203.7]
  [     1453.6      203.85]
  [     1549.8      216.07]
  [     1417.8      216.29]
  [     1609.7      347.07]
  [     1372.6      348.23]
  [       1689      516.08]
  [     1334.7       510.6]
  [     1691.8      689.31]
  [     1299.7      642.02]
  [     1562.3      714.62]
  [     1400.4      712.35]
  [     1599.7      998.91]
  [     1413.9      977.74]
  [          0           0]
  [          0           0]]

 [[     928.31      216.37]
  [     940.63      194.02]
  [     906.38      193.16]
  [          0           0]
  [     842.17      198.49]
  [     939.17      338.69]
  [      774.5      325.41]
  [     949.34      509.95]
  [     744.16      482.54]
  [     985.78      633.99]
  [     859.17      581.05]
  [     931.32      692.56]
  [     816.96      691.38]
  [     899.54      947.35]
  [     784.39      950.55]
  [          0           0]
  [          0           0]]]