[[[       1231      404.97]
  [     1242.9      395.03]
  [     1221.7      394.62]
  [     1263.3       400.1]
  [     1208.7       399.8]
  [     1291.7      464.55]
  [     1189.4      463.66]
  [     1317.7      543.04]
  [       1177      542.01]
  [     1308.4      623.83]
  [     1158.9       610.5]
  [     1265.8      639.29]
  [       1199      636.92]
  [     1281.6      772.99]
  [     1215.5      758.71]
  [     1297.2       900.1]
  [     1243.6       876.8]]

 [[     946.61      391.52]
  [     954.26      382.07]
  [     935.03      380.86]
  [          0           0]
  [     907.81       385.2]
  [     954.08      456.53]
  [        878      452.11]
  [     961.06      537.09]
  [     855.49      532.66]
  [     985.86      598.65]
  [     858.65      617.35]
  [     953.73      627.54]
  [     904.02      630.08]
  [     945.53      749.98]
  [     897.67       763.2]
  [     927.99      866.13]
  [     874.66      887.18]]]