[[[     970.65      362.05]
  [     982.79      349.88]
  [     957.64      350.32]
  [     1000.3      356.84]
  [     937.33      357.28]
  [     1025.9      436.29]
  [     908.17      436.26]
  [     1046.9      528.22]
  [      881.5      529.86]
  [     1062.6      611.39]
  [     865.78       612.5]
  [     999.98      638.42]
  [     920.89      636.83]
  [     989.74       784.8]
  [     896.14      783.52]
  [     974.92      923.06]
  [     882.52      921.29]]

 [[     722.08       356.1]
  [     729.96      341.53]
  [     721.17      334.48]
  [          0           0]
  [     667.19      306.65]
  [     664.49      398.06]
  [     598.94      373.83]
  [     705.98      515.82]
  [     611.83      534.57]
  [      725.9      423.62]
  [      667.2      664.89]
  [     673.55      659.67]
  [      631.5      655.87]
  [     643.96      877.91]
  [     629.39       882.9]
  [     630.64      1041.5]
  [     596.38      1068.1]]]