[[[     1013.6      179.14]
  [     1046.6      155.77]
  [     989.57      150.03]
  [     1091.7      175.02]
  [      954.1      162.92]
  [     1151.7       321.1]
  [     902.35      319.42]
  [     1227.8      521.58]
  [     871.08      511.09]
  [       1226      717.75]
  [     831.41      672.35]
  [       1115      743.98]
  [     944.54      742.88]
  [     1149.2      1040.2]
  [          0           0]
  [          0           0]
  [          0           0]]

 [[          0           0]
  [          0           0]
  [          0           0]
  [          0           0]
  [          0           0]
  [      215.6      209.16]
  [          0           0]
  [        266      462.63]
  [          0           0]
  [     312.44      643.44]
  [          0           0]
  [     210.84      814.59]
  [          0           0]
  [          0           0]
  [          0           0]
  [          0           0]
  [          0           0]]]