[[[     1170.8      462.75]
  [     1178.2      455.67]
  [     1164.4      456.26]
  [     1193.7      458.89]
  [       1157      460.95]
  [     1214.1      502.94]
  [       1148      504.15]
  [     1226.6      558.31]
  [     1136.6      556.32]
  [     1216.4      610.52]
  [     1126.9      600.33]
  [     1195.8      617.93]
  [     1153.1      617.26]
  [     1201.3      705.64]
  [     1164.6       699.8]
  [     1214.8      790.14]
  [     1183.8      781.23]]

 [[     997.79      463.31]
  [     999.73      457.35]
  [     992.89      456.26]
  [          0           0]
  [     971.56      453.04]
  [     984.88      493.63]
  [     936.39      489.16]
  [     980.86      550.47]
  [     920.32      549.27]
  [      999.7      584.29]
  [     937.56      602.63]
  [     981.49      608.52]
  [     949.15      609.32]
  [     981.14      694.22]
  [     940.47      696.94]
  [     967.46      777.13]
  [     931.58      782.34]]]