[[[     919.88      147.09]
  [     945.96       127.7]
  [     894.52       126.4]
  [     979.13      162.21]
  [     857.39      159.42]
  [     1030.1      310.53]
  [     805.71      308.02]
  [     1078.8      484.83]
  [     756.93      485.84]
  [     1109.8      637.22]
  [      740.5      644.71]
  [     976.53      696.72]
  [     824.31      691.44]
  [     963.15      970.49]
  [     773.93      962.65]
  [          0           0]
  [          0           0]]

 [[          0           0]
  [          0           0]
  [          0           0]
  [          0           0]
  [          0           0]
  [     128.59       159.2]
  [          0           0]
  [     205.07      503.71]
  [          0           0]
  [     247.37      745.43]
  [          0           0]
  [     169.32      855.45]
  [          0           0]
  [          0           0]
  [          0           0]
  [          0           0]
  [          0           0]]]