[[[     320.54      467.75]
  [      328.1      461.44]
  [      315.5      461.22]
  [     343.35      462.37]
  [          0           0]
  [      364.2      499.93]
  [     296.44       499.8]
  [     382.74      551.16]
  [     273.58      544.62]
  [      367.4      598.07]
  [     251.21      589.21]
  [     345.37      604.47]
  [     303.07      603.62]
  [     342.38      682.89]
  [      310.9      679.79]
  [     343.17      760.98]
  [     325.77      757.33]]

 [[          0           0]
  [          0           0]
  [          0           0]
  [          0           0]
  [     188.54      475.04]
  [      123.9      518.54]
  [     211.22      518.16]
  [          0           0]
  [     232.68      581.71]
  [          0           0]
  [          0           0]
  [     131.94      647.69]
  [     193.61      646.61]
  [     136.34      734.39]
  [     218.94      722.92]
  [     122.03      809.68]
  [     185.19      793.34]]

 [[     136.63      475.75]
  [     135.82      469.58]
  [     128.35      470.41]
  [          0           0]
  [     102.39      475.18]
  [     117.94      512.91]
  [     76.603      510.43]
  [          0           0]
  [     43.298      563.02]
  [          0           0]
  [     83.454      602.65]
  [     101.82      627.68]
  [     74.593      626.28]
  [     102.34      715.83]
  [     73.594      709.84]
  [     76.959      791.87]
  [     37.849      782.36]]]