[[[     930.58      447.23]
  [     936.32      441.13]
  [        923      440.36]
  [          0           0]
  [     905.97      442.23]
  [     952.26      489.78]
  [      876.8      484.94]
  [     968.04      545.02]
  [     850.55      537.08]
  [     963.45      586.17]
  [     893.78      567.52]
  [     937.53      603.47]
  [     888.99      603.76]
  [     933.27      690.89]
  [     888.28       692.1]
  [     930.35      777.59]
  [     884.93      779.11]]

 [[     1066.1      455.23]
  [     1070.9      447.71]
  [          0           0]
  [     1088.2      453.52]
  [          0           0]
  [     1100.6      505.84]
  [     1113.9       500.2]
  [     1092.9      580.91]
  [          0           0]
  [     1077.5      635.21]
  [          0           0]
  [     1100.1      634.21]
  [     1108.7      630.82]
  [     1102.4      733.54]
  [     1104.2      731.24]
  [     1117.1      825.66]
  [       1112      820.26]]

 [[       1035      463.31]
  [     1041.5      456.55]
  [     1027.4      457.63]
  [     1052.4      462.24]
  [     1015.7      464.79]
  [     1067.4      503.84]
  [     1002.1       507.1]
  [     1078.9      547.31]
  [     990.84      550.16]
  [     1069.1      547.71]
  [     1026.8      541.88]
  [       1058      613.02]
  [     1012.6      615.61]
  [     1077.7      694.79]
  [     1015.2      696.77]
  [     1085.2      773.81]
  [     1017.1      776.77]]]