[[[     1011.5      345.93]
  [     1019.3      335.45]
  [      998.4      334.36]
  [          0           0]
  [      966.5      338.52]
  [     1042.1       416.8]
  [     915.52      412.75]
  [     1070.2      509.55]
  [     876.06      500.09]
  [     1068.1      586.81]
  [     952.55      523.82]
  [     1022.7      611.47]
  [     940.58      613.87]
  [     1010.4      761.85]
  [     936.02      766.56]
  [       1004       911.4]
  [     927.36       912.8]]

 [[     1259.5      342.76]
  [     1266.5      326.47]
  [          0           0]
  [     1306.2      324.51]
  [          0           0]
  [     1330.6      422.65]
  [       1371      408.53]
  [     1307.5      577.15]
  [          0           0]
  [     1274.2      686.94]
  [          0           0]
  [     1337.6      698.74]
  [     1364.4      688.53]
  [     1354.9      892.27]
  [       1350      875.56]
  [     1377.9      1067.2]
  [     1342.4      1039.8]]

 [[     1179.5      376.91]
  [       1189      365.96]
  [     1165.9      368.81]
  [     1204.9      375.95]
  [     1146.4      383.42]
  [     1236.8      445.87]
  [     1124.8      454.25]
  [     1258.9      530.38]
  [     1110.1      539.99]
  [     1218.3      606.74]
  [     1145.1      606.51]
  [     1225.5      632.69]
  [     1149.6      637.12]
  [     1243.9      770.49]
  [       1157      769.45]
  [     1268.1      910.43]
  [     1175.8      906.43]]]