[[[     771.37       361.6]
  [     783.16      350.35]
  [     766.79       352.2]
  [     819.65      357.71]
  [          0           0]
  [     870.79      429.58]
  [     763.33      443.76]
  [     918.42      506.87]
  [     746.94       539.6]
  [     904.56      592.74]
  [     733.47      615.67]
  [     845.27      628.29]
  [     775.83      631.28]
  [     854.03      768.16]
  [     782.03      766.06]
  [     871.93      905.79]
  [     800.11       900.6]]

 [[     628.52      390.42]
  [     644.69      383.84]
  [     624.35      379.73]
  [      673.9      401.62]
  [          0           0]
  [     698.02      478.64]
  [     588.58      449.94]
  [     713.61       558.2]
  [     510.58      441.45]
  [     703.13      625.29]
  [     433.63      410.07]
  [      650.4      652.56]
  [     580.08      641.35]
  [      654.9      775.69]
  [     579.32      768.99]
  [      666.5      888.61]
  [      585.7      888.66]]

 [[     983.04      297.51]
  [     996.29       284.2]
  [     978.15      285.38]
  [     1037.6      288.39]
  [          0           0]
  [     1096.3      371.18]
  [      970.6      377.32]
  [     1120.3       475.3]
  [     949.47      480.69]
  [     1034.6       557.6]
  [     964.72      556.36]
  [     1075.3      602.65]
  [     991.37      602.69]
  [     1092.3      776.59]
  [     1008.7      768.06]
  [     1105.9      946.08]
  [     1024.2      935.15]]]