[[[     857.75      365.74]
  [     866.54      356.94]
  [     846.79      354.77]
  [          0           0]
  [      821.1      359.82]
  [     885.89      427.97]
  [     780.81       421.2]
  [     908.09      505.74]
  [     744.39      499.83]
  [     894.25      564.18]
  [     808.91      542.25]
  [     866.78      592.54]
  [     797.92      591.16]
  [     856.78      723.69]
  [     790.61      721.81]
  [      846.9      848.46]
  [     784.25      844.76]]

 [[     997.65      395.92]
  [     1004.6      386.06]
  [     985.95      389.12]
  [     1019.1      392.94]
  [     970.26       400.9]
  [     1052.1      457.06]
  [     952.73      461.55]
  [       1069      531.58]
  [     937.96      529.91]
  [     1036.7      577.92]
  [     971.22      577.85]
  [     1039.3      616.67]
  [     971.61      619.16]
  [     1059.1      736.43]
  [     982.72      733.98]
  [     1073.7      848.59]
  [     993.07      847.57]]

 [[          0           0]
  [     1056.4      364.56]
  [          0           0]
  [     1075.7      370.43]
  [          0           0]
  [     1100.4       446.1]
  [     1129.9      437.27]
  [     1090.7      556.59]
  [          0           0]
  [     1062.3      644.96]
  [          0           0]
  [     1110.7      651.01]
  [     1130.1      645.05]
  [     1118.1      803.25]
  [     1118.5      796.58]
  [     1139.1      950.53]
  [     1118.6      936.58]]]