[[[      873.5      390.57]
  [     881.07      381.98]
  [      863.3      380.19]
  [          0           0]
  [     837.12      382.59]
  [     896.77      448.76]
  [     793.24      442.22]
  [     920.91      520.84]
  [     760.52      516.87]
  [     909.24      566.04]
  [     819.57      555.61]
  [     878.52      608.22]
  [     811.28      607.99]
  [     868.83      733.48]
  [     806.66      734.53]
  [     865.32      855.97]
  [     800.24      856.51]]

 [[     1007.5      417.11]
  [       1014      407.51]
  [     995.01      411.22]
  [     1026.9      415.08]
  [     978.44      424.97]
  [     1057.5      473.18]
  [     965.03      480.25]
  [     1075.5      541.05]
  [     946.33      546.73]
  [     1039.8      555.99]
  [     981.56      566.53]
  [     1045.6      629.19]
  [     983.08      631.86]
  [     1061.2      749.06]
  [     993.78       744.9]
  [     1078.9      857.16]
  [       1004      852.27]]

 [[     1058.9      391.34]
  [     1064.1      382.25]
  [          0           0]
  [     1086.2      392.02]
  [          0           0]
  [     1104.2      459.97]
  [     1131.3      453.25]
  [     1099.4      566.03]
  [          0           0]
  [     1068.6      654.93]
  [          0           0]
  [     1117.3      661.72]
  [     1135.5      656.89]
  [     1124.1      814.88]
  [     1129.7      808.77]
  [     1143.6      957.83]
  [     1131.1       943.5]]]