[[[     346.14      488.74]
  [     352.26      482.53]
  [      342.3      482.55]
  [     367.35       477.2]
  [          0           0]
  [     391.03      499.84]
  [     326.85       503.5]
  [     413.83      545.72]
  [     304.64       541.9]
  [     391.97      578.55]
  [     327.38      521.34]
  [     374.44      596.67]
  [     332.59      597.98]
  [     379.51      668.15]
  [     333.98      670.04]
  [     381.79      736.51]
  [     330.63      737.65]]

 [[     659.59      496.48]
  [     663.05      490.05]
  [     657.72      491.74]
  [     679.12       486.4]
  [          0           0]
  [     706.84      510.85]
  [     668.82      518.08]
  [     723.83      555.91]
  [      658.4      553.34]
  [     705.62       586.9]
  [     659.49      523.97]
  [     703.51       599.7]
  [     679.14      601.72]
  [     698.98      667.77]
  [      679.3      668.32]
  [     715.91      735.36]
  [     690.19      731.13]]]