[[[      864.4      356.89]
  [     872.79      347.63]
  [     852.25      345.81]
  [          0           0]
  [     823.47      352.45]
  [     893.29      427.66]
  [     777.13      418.66]
  [     911.95      514.94]
  [     735.39      504.41]
  [     895.67       551.5]
  [     808.77       530.7]
  [      871.8      606.63]
  [     795.96      605.64]
  [     861.37      749.03]
  [     786.27      748.49]
  [     852.39       884.3]
  [     780.89       883.1]]

 [[     1017.7      391.05]
  [     1023.8       380.8]
  [     1004.9      383.55]
  [     1033.5      390.58]
  [     985.75      396.86]
  [     1066.8       460.9]
  [     963.26      465.24]
  [     1089.2      540.78]
  [     942.65      547.02]
  [     1054.8      594.86]
  [     990.36      597.67]
  [     1059.5      632.56]
  [     989.31      635.31]
  [     1078.9      764.65]
  [     1000.3      762.19]
  [     1080.8      891.43]
  [     1011.7      882.27]]

 [[          0           0]
  [     1098.5      352.24]
  [          0           0]
  [     1119.7      359.33]
  [          0           0]
  [     1150.8      439.46]
  [     1171.5      432.31]
  [     1144.1      558.66]
  [          0           0]
  [     1112.2      658.48]
  [          0           0]
  [     1155.6      666.15]
  [     1169.7      659.66]
  [     1157.8      843.45]
  [     1151.8      830.32]
  [     1173.6      1005.3]
  [     1146.5      982.04]]]