[[[     548.78      378.02]
  [     561.31         369]
  [     544.55       367.8]
  [     591.68      374.61]
  [          0           0]
  [     624.91      434.75]
  [     533.89      434.96]
  [      649.7      514.18]
  [     519.51      513.38]
  [     618.63      588.18]
  [      507.2      586.93]
  [     596.54      608.65]
  [     536.44       606.3]
  [      602.5      738.65]
  [     545.32      734.36]
  [     607.88       863.2]
  [     551.48      857.12]]

 [[          0           0]
  [          0           0]
  [     298.61      361.29]
  [          0           0]
  [     274.78      366.03]
  [     178.36      443.48]
  [     286.21      448.61]
  [          0           0]
  [     310.88      562.86]
  [          0           0]
  [     334.14      623.82]
  [     194.48      665.86]
  [     268.28      670.83]
  [     216.19      822.22]
  [     272.29      823.15]
  [     232.95      975.23]
  [     262.18      979.86]]]