[[[     762.67      436.06]
  [     767.95      430.47]
  [     756.43      429.14]
  [          0           0]
  [     740.89      428.93]
  [     780.33      469.18]
  [     713.32      464.53]
  [     792.36      515.91]
  [     690.38      513.04]
  [     784.98      550.99]
  [     732.28      540.52]
  [     769.14      566.73]
  [     725.66      566.26]
  [      764.6      643.62]
  [     722.96      643.33]
  [     761.49      716.78]
  [     720.33       716.1]]

 [[        868      448.96]
  [     873.05      442.86]
  [          0           0]
  [     886.96      446.96]
  [          0           0]
  [     890.62      487.71]
  [     904.51      485.38]
  [     881.15      537.99]
  [          0           0]
  [     869.28      576.01]
  [          0           0]
  [     890.04      591.09]
  [     899.49      588.91]
  [     886.84       666.8]
  [     891.61      663.09]
  [     900.15      740.26]
  [     898.36      732.38]]

 [[     856.68       448.1]
  [     862.76      442.51]
  [     851.37      442.73]
  [     872.12      447.07]
  [     841.98      447.33]
  [     877.84      484.09]
  [     830.07      484.25]
  [     882.84      527.13]
  [     816.53      530.07]
  [     876.24      562.97]
  [     820.78       571.4]
  [     866.05      574.86]
  [     834.57      574.44]
  [     871.56      644.08]
  [     837.05      641.61]
  [     869.01      712.93]
  [     829.44      709.94]]]