[[[          0           0]
  [          0           0]
  [          0           0]
  [          0           0]
  [          0           0]
  [     1717.4      43.231]
  [     1301.9      87.806]
  [     1847.6      324.26]
  [     1244.8      369.81]
  [     1568.4       569.6]
  [     1323.6      544.62]
  [     1650.4      690.69]
  [     1368.8      697.73]
  [          0           0]
  [          0           0]
  [          0           0]
  [          0           0]]

 [[     849.41      108.38]
  [     874.01       81.41]
  [     846.24      89.604]
  [     959.93      98.941]
  [          0           0]
  [     1082.6      254.72]
  [     849.29      285.16]
  [     1200.3      433.86]
  [     824.17      493.86]
  [       1158      622.23]
  [     786.62      663.68]
  [     1026.4      696.36]
  [     874.03       699.8]
  [       1048      1013.1]
  [     869.13      1009.1]
  [          0           0]
  [          0           0]]

 [[     567.07       205.9]
  [     599.33      188.82]
  [     560.87      187.68]
  [     665.23      223.13]
  [          0           0]
  [      713.7       364.9]
  [     518.42      357.14]
  [     744.66      568.65]
  [     480.69       514.7]
  [     662.25      691.04]
  [     433.87      474.55]
  [     633.65      717.74]
  [     496.48      708.83]
  [     653.85      991.07]
  [     480.67      975.19]
  [          0           0]
  [          0           0]]]