[[[          0           0]
  [          0           0]
  [          0           0]
  [     1165.7      339.69]
  [          0           0]
  [     1155.3      425.26]
  [     1299.4      412.07]
  [     1108.3       558.5]
  [       1375      551.34]
  [       1078      662.17]
  [     1375.8      659.08]
  [     1210.8      683.37]
  [     1299.1      679.23]
  [     1225.6      886.78]
  [     1288.7      855.29]
  [       1268      1062.6]
  [     1315.1      1018.7]]

 [[       1324      369.36]
  [       1333      357.41]
  [          0           0]
  [     1368.6      361.56]
  [          0           0]
  [     1370.5      425.67]
  [     1441.5      423.16]
  [     1372.7      534.91]
  [          0           0]
  [     1376.6      639.81]
  [          0           0]
  [     1418.4      629.38]
  [     1465.4      626.34]
  [     1388.7      785.65]
  [     1407.2      777.91]
  [       1447      944.33]
  [     1449.8      923.19]]]