[[[     300.98      464.54]
  [     308.92      458.65]
  [     296.37      458.59]
  [     326.48      463.45]
  [          0           0]
  [      349.9      501.83]
  [     282.42      504.94]
  [     384.01      546.86]
  [     270.61      550.37]
  [     359.24      594.65]
  [     267.59      585.75]
  [     332.27      609.64]
  [     289.17      610.18]
  [      334.9      688.05]
  [     297.56      689.21]
  [     344.42      767.08]
  [     302.49      765.63]]

 [[          0           0]
  [          0           0]
  [          0           0]
  [          0           0]
  [     188.74      478.66]
  [     123.64      527.82]
  [     215.28      523.82]
  [     109.04      589.81]
  [     235.59      582.02]
  [          0           0]
  [     232.11      624.79]
  [     136.89      656.49]
  [     200.33      656.41]
  [     135.49      732.85]
  [     206.68      734.18]
  [     124.31      818.75]
  [     186.76      825.95]]

 [[     109.76      476.17]
  [     110.94      469.52]
  [     100.35      470.68]
  [          0           0]
  [     76.867      476.31]
  [     106.59      517.08]
  [     55.859      515.48]
  [          0           0]
  [     29.865      566.73]
  [          0           0]
  [     57.745         608]
  [     93.816      631.08]
  [     61.007      631.32]
  [     91.543      710.37]
  [     54.077      712.22]
  [     72.065      793.26]
  [     35.191      797.72]]]