[[[     170.08      256.31]
  [     194.18      238.91]
  [     145.73       237.1]
  [     224.79      264.73]
  [     103.75      261.14]
  [      262.2         385]
  [     46.279      380.29]
  [      261.9      534.35]
  [          0      524.97]
  [     184.59      577.88]
  [     60.224      542.21]
  [     225.93      703.17]
  [     74.992      700.98]
  [     206.91      935.65]
  [     32.935      936.05]
  [          0           0]
  [          0           0]]

 [[     624.33       181.6]
  [     648.61      162.53]
  [     617.63      163.42]
  [     711.61      182.64]
  [          0           0]
  [     779.48      304.22]
  [      616.9      311.41]
  [     839.75      461.75]
  [     619.37      469.48]
  [     763.51      608.75]
  [     592.74      591.71]
  [     740.12      636.37]
  [     628.57      633.32]
  [     754.92       893.9]
  [     650.43      885.01]
  [     765.82      1062.9]
  [     679.86      1058.2]]]