[[[      923.5      435.14]
  [     929.19      428.24]
  [     915.79      426.83]
  [          0           0]
  [     896.83      427.31]
  [     943.41       475.7]
  [     865.52      469.96]
  [     961.81      532.73]
  [     840.75      526.21]
  [     956.38      577.84]
  [     883.74      554.83]
  [     930.83      591.86]
  [      880.6      590.81]
  [     923.89      685.35]
  [     878.81      684.44]
  [     920.83       777.8]
  [     875.12      775.97]]

 [[          0           0]
  [     1066.1      438.21]
  [          0           0]
  [     1079.1      443.42]
  [          0           0]
  [       1096      496.62]
  [     1112.7      489.68]
  [     1089.8         575]
  [          0           0]
  [     1071.7      623.99]
  [          0           0]
  [     1094.7      627.92]
  [     1105.7      623.79]
  [     1098.4      728.14]
  [     1098.1      725.34]
  [     1112.2      822.34]
  [     1105.7      817.78]]

 [[       1031      452.25]
  [     1036.8      445.41]
  [     1023.8      446.84]
  [     1047.6      448.97]
  [     1013.2      452.55]
  [     1064.6      487.65]
  [     999.75      491.64]
  [       1082      532.44]
  [     981.72      538.35]
  [     1061.8      515.01]
  [     1019.3      519.38]
  [     1050.6      602.01]
  [     1006.4      604.29]
  [       1069       687.9]
  [     1008.6      689.39]
  [     1077.1      770.87]
  [     1008.7      775.02]]]