[[[          0           0]
  [          0           0]
  [          0           0]
  [     852.36      456.45]
  [     891.65      453.98]
  [     844.48      500.72]
  [     922.22      499.01]
  [     812.86      565.02]
  [     944.67      569.59]
  [     798.15      597.66]
  [     949.23      617.02]
  [     861.11      632.01]
  [     909.69      630.13]
  [     871.42      726.28]
  [     898.99      722.17]
  [     892.75       824.5]
  [     896.75      819.01]]

 [[      563.5       501.8]
  [     569.24      496.81]
  [     558.95      495.29]
  [     578.54      489.29]
  [     548.45      484.78]
  [     591.81      507.59]
  [     528.63      499.17]
  [     606.87      545.64]
  [     504.83      528.44]
  [     593.15      583.25]
  [     519.14      570.78]
  [     577.18       597.4]
  [     537.51      594.88]
  [      576.3      665.66]
  [     542.79       665.5]
  [     570.21      729.45]
  [     545.05      733.83]]

 [[     662.28      492.41]
  [     668.25      487.16]
  [     661.12      487.17]
  [     685.99       486.5]
  [          0           0]
  [     708.45      515.71]
  [     656.85      517.83]
  [     725.82      555.15]
  [      644.6         557]
  [     729.83      591.94]
  [      637.7      594.49]
  [     697.06      600.82]
  [     663.27      600.67]
  [     696.43      662.15]
  [     657.88      661.65]
  [     696.82      723.31]
  [     657.12       724.6]]]