[[[          0           0]
  [          0           0]
  [          0           0]
  [          0           0]
  [     180.34      316.03]
  [     39.699      413.54]
  [     173.77      420.09]
  [          0           0]
  [     197.92       565.8]
  [          0           0]
  [     239.96      664.73]
  [     55.282      700.86]
  [     144.73      706.95]
  [     72.314      926.75]
  [     160.06      931.74]
  [          0           0]
  [     131.52        1070]]

 [[     568.39       335.7]
  [     584.63      326.51]
  [     564.66      323.19]
  [     620.67       339.2]
  [          0           0]
  [     653.82      413.09]
  [        550      408.01]
  [     677.94      509.23]
  [     538.59      507.02]
  [     613.35      587.96]
  [     519.62      589.22]
  [     612.51       620.1]
  [      543.4      614.06]
  [     619.06      776.51]
  [     544.22      765.26]
  [     614.42      927.42]
  [     554.21      913.85]]

 [[     254.55      365.62]
  [     256.89      354.76]
  [     241.42       354.3]
  [          0           0]
  [     204.71      363.26]
  [      268.2      446.73]
  [          0           0]
  [     289.25      542.78]
  [          0           0]
  [     290.44       607.6]
  [          0           0]
  [     267.62      638.28]
  [     202.62      642.22]
  [     263.78      780.21]
  [     203.39      789.64]
  [      235.2      923.14]
  [     200.51      929.77]]]