[[[     737.69      459.86]
  [     743.44      453.85]
  [     730.85      452.26]
  [     747.41      457.78]
  [     714.07      452.79]
  [     757.29      497.78]
  [     685.07      491.53]
  [      776.1      549.26]
  [     658.46      541.05]
  [     766.12      591.13]
  [     694.08      572.81]
  [     742.59       606.3]
  [     695.93      604.93]
  [      736.7      692.64]
  [     693.35      692.94]
  [     733.18      777.24]
  [      688.2      777.74]]

 [[     842.17      475.69]
  [     847.58      469.89]
  [     835.65      470.64]
  [     856.32       474.9]
  [      825.1      476.71]
  [     872.89      514.99]
  [      811.8      517.68]
  [     888.91      562.62]
  [     795.89      567.34]
  [     886.29      608.42]
  [     796.48      613.53]
  [     863.57      619.38]
  [     821.93      620.52]
  [     874.53      694.64]
  [     813.59      695.07]
  [     884.59      771.06]
  [     815.07       770.9]]

 [[          0           0]
  [     878.58      464.34]
  [          0           0]
  [     890.67      470.16]
  [          0           0]
  [     903.38      515.17]
  [     919.03      510.94]
  [     903.31      579.05]
  [          0           0]
  [     890.07      635.07]
  [          0           0]
  [     905.66      631.67]
  [     915.93      628.33]
  [     899.34      719.74]
  [     900.77       717.1]
  [     911.47      810.55]
  [     906.69      803.98]]]