[[[          0           0]
  [          0           0]
  [          0           0]
  [     1208.4      326.22]
  [          0           0]
  [     1190.7       415.6]
  [     1360.5      403.71]
  [     1160.6      560.59]
  [     1431.3      544.99]
  [     1145.3      681.13]
  [     1370.8      618.81]
  [     1247.1      689.59]
  [     1362.5      687.01]
  [     1257.3      905.05]
  [     1366.6      887.07]
  [     1285.6      1078.4]
  [     1417.3      1051.3]]

 [[     1368.2      365.57]
  [     1377.6      352.43]
  [          0           0]
  [       1416      352.84]
  [          0           0]
  [     1412.4      430.27]
  [     1499.2       413.9]
  [     1395.7      539.57]
  [          0           0]
  [          0           0]
  [          0           0]
  [     1436.2      652.73]
  [       1505      640.44]
  [       1400      809.86]
  [       1493      785.75]
  [     1461.2      964.28]
  [     1595.7      922.41]]]