[[[     1016.5      501.29]
  [     1023.2       497.3]
  [     1015.4      496.28]
  [     1040.7      501.64]
  [          0           0]
  [     1061.6      533.73]
  [     1003.5      532.18]
  [     1074.6      569.05]
  [     988.43      566.07]
  [     1044.7      586.84]
  [     1003.8      590.43]
  [     1046.9      621.95]
  [     1007.5      620.66]
  [       1051      691.18]
  [       1010      689.21]
  [     1060.9      756.39]
  [     1008.9      756.53]]

 [[     909.55      491.99]
  [     914.17      486.64]
  [     903.99      486.71]
  [     921.94      489.19]
  [     894.46       488.8]
  [     937.79      524.84]
  [     879.29      524.31]
  [     949.94      568.74]
  [     868.56      566.52]
  [     947.28      610.68]
  [     865.02         610]
  [     930.78      617.48]
  [     890.83      617.52]
  [     935.12      686.34]
  [     887.21      686.89]
  [     939.12      752.35]
  [     884.87      752.25]]

 [[      858.1      492.18]
  [          0           0]
  [     854.37      486.51]
  [          0           0]
  [     838.04      488.56]
  [     832.38      524.62]
  [     821.47       525.5]
  [          0           0]
  [     824.41      575.36]
  [          0           0]
  [     838.93      625.17]
  [     829.87      625.23]
  [     823.68      626.76]
  [     829.99      702.56]
  [     824.89      704.04]
  [     825.72      774.66]
  [     815.53      779.25]]]