[[[     457.99      258.48]
  [     485.11      242.05]
  [     446.73      240.01]
  [     539.32      270.31]
  [     435.64      264.58]
  [      596.3      395.08]
  [     390.85      394.36]
  [     646.46      544.28]
  [     343.93      543.96]
  [     619.11      677.67]
  [     316.49      688.51]
  [     562.95      721.47]
  [     421.48      721.42]
  [     600.33      967.01]
  [     409.02      972.27]
  [          0           0]
  [          0           0]]

 [[     816.29      294.22]
  [     836.74      274.12]
  [     807.82      277.77]
  [     900.75      282.29]
  [          0           0]
  [     991.32      390.01]
  [      789.4      403.63]
  [     1071.6      505.23]
  [     754.19      545.17]
  [     968.72      446.97]
  [     825.44       625.3]
  [     957.26      707.87]
  [     820.28      709.77]
  [     988.89      948.16]
  [      819.9       956.9]
  [          0           0]
  [          0           0]]

 [[          0           0]
  [          0           0]
  [          0           0]
  [          0           0]
  [          0           0]
  [     26.593      351.78]
  [          0           0]
  [     74.533      582.27]
  [          0           0]
  [     120.96      779.25]
  [          0           0]
  [          0           0]
  [          0           0]
  [          0           0]
  [          0           0]
  [          0           0]
  [          0           0]]]