[[[     1019.9      499.36]
  [     1026.9      495.18]
  [     1018.3      494.18]
  [     1044.4      499.72]
  [          0           0]
  [     1064.3      532.88]
  [     1006.1      530.77]
  [     1075.2      571.33]
  [     992.48      566.93]
  [     1044.4      588.37]
  [     1007.5      592.79]
  [     1048.7      620.89]
  [     1009.3      619.27]
  [     1051.2      690.54]
  [     1011.5      688.44]
  [     1060.1      756.47]
  [     1009.6      756.85]]

 [[      907.2      493.91]
  [     911.61      488.25]
  [     901.27      488.75]
  [     919.52      489.96]
  [     891.68      490.84]
  [     936.44       524.3]
  [      878.4      525.85]
  [     949.35      568.47]
  [      869.2      570.11]
  [     945.15      610.42]
  [     859.47      615.81]
  [     929.85      616.09]
  [     889.92      616.73]
  [     936.03      684.17]
  [     886.53       685.5]
  [     942.12       750.6]
  [     884.23      751.19]]

 [[     857.24      490.19]
  [          0           0]
  [      853.3      484.49]
  [          0           0]
  [     836.98      487.85]
  [     830.78      525.18]
  [     821.64      526.81]
  [          0           0]
  [     825.12      578.03]
  [          0           0]
  [     839.34      626.66]
  [     829.11      626.22]
  [      823.9      628.06]
  [     830.12      704.11]
  [     825.69      706.21]
  [     826.31      776.56]
  [        814      782.12]]]