[[[     982.54      497.11]
  [     989.87      492.61]
  [     979.65      491.46]
  [     1003.4      497.47]
  [     974.79      494.17]
  [     1015.7      534.75]
  [     957.11      530.37]
  [     1026.7      579.61]
  [     937.81      571.43]
  [     1034.3      616.75]
  [     933.36      615.16]
  [     999.19      629.32]
  [     960.27         627]
  [     996.46      697.45]
  [     950.86      696.17]
  [     987.84      762.91]
  [     938.12      763.16]]

 [[       1090      494.13]
  [     1097.2      488.91]
  [     1089.6      488.63]
  [     1117.6      493.69]
  [          0           0]
  [     1137.1      532.12]
  [     1095.8      532.38]
  [     1138.8      580.02]
  [     1089.7      581.73]
  [       1101      610.58]
  [     1078.5      613.89]
  [     1123.7      636.35]
  [     1094.8      634.22]
  [     1129.4      713.41]
  [     1097.6      707.64]
  [     1144.3      786.41]
  [     1105.3      774.92]]

 [[     908.46      491.58]
  [          0           0]
  [     902.73      484.93]
  [          0           0]
  [     885.24       489.2]
  [     865.87      528.84]
  [     886.41      529.88]
  [          0           0]
  [     894.26      586.71]
  [          0           0]
  [     911.28      624.74]
  [     871.98      637.43]
  [     886.78      639.61]
  [      881.5      717.63]
  [     888.36      720.35]
  [     872.25      792.76]
  [     877.66      799.76]]]