[[[     1023.3      432.82]
  [       1034      424.23]
  [     1018.2       424.2]
  [     1062.4      431.06]
  [          0           0]
  [     1101.3      488.04]
  [     1000.8      489.46]
  [     1119.6      557.62]
  [     981.66      555.18]
  [     1063.6      600.88]
  [     1017.4      606.32]
  [     1084.8      644.46]
  [     1015.7      644.53]
  [     1090.3       767.9]
  [     1013.1      767.13]
  [     1105.8      882.68]
  [     1014.9      886.95]]

 [[     874.05      423.15]
  [     884.41      414.15]
  [      864.7      413.23]
  [     896.38      420.25]
  [     846.48      417.86]
  [     912.08      478.85]
  [     815.91      475.49]
  [     929.35      552.41]
  [     789.88      549.12]
  [     920.16      614.43]
  [     790.04      621.25]
  [     896.15      639.67]
  [     828.84      638.51]
  [     906.44      760.49]
  [     808.64      757.56]
  [     903.73      877.66]
  [     800.71         877]]

 [[     725.89      396.76]
  [          0           0]
  [     715.93      386.55]
  [          0           0]
  [     680.78      396.61]
  [     690.78      473.66]
  [     649.32      475.58]
  [          0           0]
  [     641.05      573.66]
  [          0           0]
  [     696.02      655.91]
  [     695.19      671.02]
  [     667.95         677]
  [     690.42      814.96]
  [     655.81      832.14]
  [     676.17      944.72]
  [     632.37       975.4]]]