[[[       1025       495.1]
  [     1030.9      490.84]
  [       1022      490.54]
  [       1045      496.61]
  [          0           0]
  [       1065      531.47]
  [     1006.3       530.9]
  [     1077.9       571.4]
  [     992.94      568.55]
  [     1045.2      589.94]
  [     1018.1      591.01]
  [       1050      621.28]
  [     1010.4      620.64]
  [       1052      691.06]
  [     1013.7      690.48]
  [     1058.9      756.62]
  [     1010.3      758.11]]

 [[     923.83      490.13]
  [     928.82      485.14]
  [      918.3      484.46]
  [     934.72      490.28]
  [     907.05      487.77]
  [     946.12       526.6]
  [     887.97      523.57]
  [     954.93      568.13]
  [        879      564.58]
  [     940.19      595.26]
  [     899.01      594.01]
  [     937.02      615.65]
  [     896.84      614.98]
  [     939.47      685.05]
  [     889.17      686.21]
  [     941.67      753.53]
  [     885.03      755.18]]

 [[      855.6      488.89]
  [          0           0]
  [     850.59      483.18]
  [          0           0]
  [     832.53      488.28]
  [     834.44      527.92]
  [     817.89      529.19]
  [          0           0]
  [     820.75       581.8]
  [          0           0]
  [     843.64      627.16]
  [     835.57      628.06]
  [     826.29      629.78]
  [      833.9      704.74]
  [     827.46      706.51]
  [     821.76      776.13]
  [     818.79      780.61]]]