[[[     368.12       483.7]
  [     376.01      479.66]
  [     364.72      478.62]
  [     391.59      489.64]
  [     360.09      486.86]
  [     411.71      529.73]
  [     340.03      526.47]
  [     426.44      573.04]
  [     319.01      568.04]
  [     386.33      591.61]
  [     345.71      600.58]
  [     394.49      631.76]
  [     345.39      630.48]
  [     396.85      710.77]
  [     340.17       712.8]
  [     403.71      783.38]
  [     336.37      789.17]]

 [[      219.5      478.59]
  [     226.78         472]
  [     212.79       471.6]
  [     236.21      476.12]
  [     198.55      474.21]
  [     251.83      516.58]
  [      172.5      515.74]
  [      270.5      572.49]
  [     157.38      551.15]
  [     273.95      615.02]
  [     192.08      521.87]
  [     239.27      631.22]
  [     183.49      633.08]
  [     245.93      711.48]
  [     167.07      719.51]
  [     236.69      791.39]
  [     155.97       801.7]]

 [[     126.78      471.45]
  [          0           0]
  [     122.15      463.46]
  [          0           0]
  [     99.221      465.91]
  [     88.753      516.07]
  [     70.834      516.81]
  [          0           0]
  [     64.284       585.1]
  [          0           0]
  [     102.25      631.87]
  [     85.131      650.25]
  [     74.032      652.55]
  [     79.672      748.05]
  [     67.529      752.82]
  [     68.682      833.35]
  [      43.85      843.19]]]