[[[     789.13      500.29]
  [      790.4      495.85]
  [     783.99      495.75]
  [          0           0]
  [     769.03      498.16]
  [     785.66      528.77]
  [     756.61      529.67]
  [      792.6      563.61]
  [     764.92      568.64]
  [     800.77      582.44]
  [     793.89       584.9]
  [     788.18      605.81]
  [     768.02       607.1]
  [     784.79       664.3]
  [     761.46      666.62]
  [     778.17      721.23]
  [     750.14      724.23]]

 [[     877.91      497.66]
  [     881.71      493.13]
  [     872.83      493.06]
  [          0           0]
  [      864.2       495.1]
  [     895.41      523.81]
  [     850.99      523.52]
  [     900.09      562.23]
  [     845.32      561.73]
  [     894.61      587.16]
  [     861.69       585.5]
  [     891.79      596.36]
  [     862.61      596.84]
  [     897.51      651.94]
  [     859.44       652.5]
  [     895.88      704.18]
  [     859.01       704.8]]

 [[     900.24      498.45]
  [     904.21      493.34]
  [          0           0]
  [     913.78      496.71]
  [          0           0]
  [     919.96      526.93]
  [      930.3      524.93]
  [     914.05      571.74]
  [          0           0]
  [     903.44      603.14]
  [          0           0]
  [     922.79      605.26]
  [     930.21      603.36]
  [     924.02      665.06]
  [     925.72      663.46]
  [     932.85      723.26]
  [     933.24      719.22]]]