[[[     1033.2      470.35]
  [     1035.6      463.01]
  [     1023.2         466]
  [     1038.6      466.45]
  [     1007.4      474.08]
  [     1061.9      508.92]
  [     995.38      517.65]
  [     1084.9      554.66]
  [     980.16      568.43]
  [     1082.8      592.39]
  [     969.19      604.52]
  [       1056      618.31]
  [     1013.7      621.85]
  [     1063.5      699.13]
  [       1022       699.6]
  [     1070.3      774.89]
  [       1032      772.93]]

 [[     927.33      468.11]
  [          0           0]
  [     920.66      461.66]
  [          0           0]
  [      898.2      468.03]
  [     916.86         511]
  [     878.71      513.35]
  [     938.17      563.66]
  [     895.17      569.05]
  [     950.81      596.56]
  [     935.45      595.93]
  [     926.68      627.97]
  [     899.42      631.06]
  [      929.5      715.72]
  [     891.83      721.22]
  [     915.67      800.26]
  [     873.73      807.74]]

 [[     1105.9      453.24]
  [     1112.1      446.01]
  [          0           0]
  [     1132.2      452.68]
  [          0           0]
  [     1142.6      506.43]
  [     1144.1      503.56]
  [     1118.9       574.1]
  [     1126.9       561.7]
  [     1083.7      599.27]
  [          0           0]
  [       1139      635.85]
  [     1139.9      633.16]
  [     1139.8      731.95]
  [     1139.3      726.69]
  [     1161.7      822.13]
  [     1150.1      813.49]]]