[[[     1526.6         467]
  [          0           0]
  [       1524      455.56]
  [          0           0]
  [     1511.5      450.98]
  [     1437.6      497.75]
  [       1520      494.06]
  [     1421.4      573.15]
  [     1532.8      569.85]
  [     1439.5      617.09]
  [     1552.9      635.99]
  [     1449.3      641.31]
  [     1504.7      639.68]
  [     1470.1      747.88]
  [     1523.7       730.7]
  [     1469.3      851.02]
  [     1490.1       825.5]]

 [[          0           0]
  [          0           0]
  [          0           0]
  [     1865.3      484.85]
  [          0           0]
  [     1872.1      517.22]
  [          0           0]
  [     1871.2      575.86]
  [          0           0]
  [     1871.1      623.46]
  [          0           0]
  [     1895.7      623.37]
  [          0           0]
  [          0           0]
  [          0           0]
  [          0           0]
  [          0           0]]]