[[[     1158.9      371.05]
  [     1169.6      358.65]
  [     1144.9      361.83]
  [     1188.8      367.72]
  [     1126.5      375.79]
  [     1220.7      445.62]
  [       1104      450.89]
  [     1243.2      530.75]
  [     1079.7      539.25]
  [     1250.7      596.63]
  [     1068.3      624.39]
  [     1204.3      635.93]
  [     1123.8      638.19]
  [     1231.5      776.15]
  [     1118.4      771.01]
  [     1246.2      914.85]
  [     1123.5      908.57]]

 [[     964.17      363.74]
  [     965.72      351.28]
  [     949.94      350.65]
  [          0           0]
  [      902.8      356.33]
  [     945.98      438.42]
  [      863.9       442.3]
  [     965.77      536.63]
  [     886.91       547.6]
  [       1003      586.61]
  [     973.51       598.9]
  [     956.72      661.63]
  [     898.93      669.48]
  [     946.91       822.8]
  [     888.42      843.69]
  [     928.76      978.78]
  [     856.93      1010.1]]

 [[     1338.8      326.62]
  [     1349.8      309.61]
  [          0           0]
  [     1400.2      308.37]
  [          0           0]
  [     1430.6      407.87]
  [     1429.4         402]
  [     1425.9         557]
  [          0           0]
  [     1360.6      672.74]
  [          0           0]
  [     1409.5      700.64]
  [     1408.7      691.77]
  [     1428.9      893.61]
  [     1402.1      871.19]
  [     1453.2      1066.8]
  [     1407.4        1027]]]