[[[      882.6      518.49]
  [     885.23      513.29]
  [     877.33      512.52]
  [          0           0]
  [     859.49      508.12]
  [     885.81      537.78]
  [     831.62      534.93]
  [     898.56      579.19]
  [     814.97      578.31]
  [     902.67      616.39]
  [     811.85      620.93]
  [     878.13      623.97]
  [     842.36      624.18]
  [     881.72      690.49]
  [     838.26      691.92]
  [     884.04      754.88]
  [     834.31      757.28]]

 [[     989.52      506.15]
  [     994.41       500.1]
  [     987.12      501.25]
  [     1012.9      495.07]
  [          0           0]
  [     1040.1      522.52]
  [     987.07      524.63]
  [     1050.4      568.12]
  [     969.44       564.9]
  [     1045.6       609.2]
  [     952.19      604.24]
  [     1023.7      616.58]
  [      989.6      615.76]
  [     1025.3         685]
  [      990.3      682.08]
  [     1025.7      748.08]
  [     993.17      749.44]]

 [[     1035.6      500.36]
  [     1038.9      494.05]
  [          0           0]
  [       1056      492.74]
  [          0           0]
  [       1084      523.67]
  [     1064.2      527.47]
  [     1108.3      568.76]
  [     1065.5      575.74]
  [       1117      606.21]
  [          0           0]
  [     1080.8      626.48]
  [     1068.9      626.87]
  [     1090.6      700.64]
  [     1073.5      699.83]
  [     1099.4      772.53]
  [     1083.3       770.1]]]