[[[     1263.2      477.34]
  [     1268.5         472]
  [     1257.5      472.75]
  [     1277.6      475.08]
  [     1248.1      477.04]
  [     1290.9      510.47]
  [     1235.7      512.21]
  [     1305.6      550.42]
  [     1223.4      551.65]
  [       1299      590.99]
  [     1219.8      590.49]
  [     1284.4      598.06]
  [       1247         599]
  [     1293.2      658.46]
  [     1246.5      658.28]
  [     1303.5      719.93]
  [     1248.4      721.06]]

 [[     1162.1       479.1]
  [          0           0]
  [       1156      474.08]
  [          0           0]
  [     1137.5      478.99]
  [     1154.3      512.98]
  [     1123.8      515.63]
  [     1169.3      548.51]
  [     1136.5      556.32]
  [     1184.9      571.44]
  [     1173.4      578.11]
  [     1162.7       601.1]
  [     1141.3       603.7]
  [     1161.7      668.62]
  [     1138.4      671.11]
  [     1156.7      735.31]
  [     1126.3      738.39]]

 [[     1301.9      474.72]
  [     1307.4      468.68]
  [          0           0]
  [     1324.8      471.27]
  [          0           0]
  [     1336.4      511.21]
  [     1328.2      509.37]
  [     1332.3      563.95]
  [          0           0]
  [     1315.7      606.39]
  [          0           0]
  [     1333.9      611.31]
  [     1329.1      609.68]
  [     1337.7      685.69]
  [     1333.5      682.17]
  [     1355.6      755.12]
  [     1346.4      748.31]]]