[[[     1170.2      424.97]
  [     1179.2      414.69]
  [     1160.3      414.86]
  [     1191.1      416.78]
  [     1142.5       418.9]
  [     1217.6      462.57]
  [     1120.3      479.83]
  [     1279.5      457.75]
  [     1096.2      544.57]
  [     1228.9      423.45]
  [     1088.9      616.23]
  [     1197.5      634.18]
  [     1132.8      636.02]
  [     1209.2      753.53]
  [     1123.5      746.01]
  [     1225.9      874.98]
  [       1119      863.05]]

 [[     991.16      399.97]
  [     992.39      390.21]
  [      979.4      390.35]
  [          0           0]
  [     944.72       398.8]
  [     976.22      466.59]
  [     921.09      469.27]
  [     993.15      545.15]
  [     937.41      552.58]
  [     1021.4      592.28]
  [     1007.1      600.24]
  [     989.07      647.42]
  [     950.12      652.74]
  [     980.22      780.79]
  [     932.77       795.1]
  [     963.75      906.73]
  [     902.39      926.98]]

 [[     1283.9      394.15]
  [     1291.6       381.9]
  [          0           0]
  [     1329.3      385.29]
  [          0           0]
  [       1364      461.36]
  [     1347.2      455.28]
  [     1357.1      564.99]
  [          0           0]
  [     1331.6      678.48]
  [          0           0]
  [     1355.4      682.01]
  [     1342.9      673.09]
  [       1366      848.75]
  [     1337.9      824.18]
  [     1373.2      1008.4]
  [     1332.8      961.45]]]