[[[     1301.1      121.64]
  [     1316.6      80.493]
  [          0           0]
  [     1414.4      68.137]
  [          0           0]
  [     1571.4      275.53]
  [     1345.1       301.6]
  [     1653.8      559.34]
  [     1338.4      561.91]
  [     1533.5      810.19]
  [     1259.8      722.01]
  [     1481.8      839.76]
  [     1326.3      833.19]
  [          0           0]
  [          0           0]
  [          0           0]
  [          0           0]]

 [[     639.72      259.55]
  [     650.95      244.23]
  [     619.35      236.79]
  [          0           0]
  [     549.28      250.43]
  [     663.88      384.37]
  [     453.75         364]
  [     716.22      531.93]
  [     413.65      514.52]
  [     633.24      597.27]
  [     529.09      615.79]
  [     645.58      719.06]
  [     500.53      714.92]
  [     658.22      977.38]
  [     488.87      978.75]
  [          0           0]
  [          0           0]]

 [[       1018      231.57]
  [     1023.6      213.79]
  [     990.41      219.08]
  [     1030.9      234.43]
  [     939.55      248.55]
  [     1080.5      356.81]
  [     894.83      364.97]
  [     1130.6      506.34]
  [      857.3      517.37]
  [     1148.6      639.28]
  [     847.79      652.05]
  [     1064.6       680.6]
  [     940.47      685.56]
  [     1085.5      917.47]
  [     919.79      927.28]
  [     1039.9      1075.5]
  [     934.92      1070.3]]]