[[[          0           0]
  [          0           0]
  [          0           0]
  [     831.95      212.51]
  [     963.17      219.17]
  [     750.07       323.7]
  [     1038.2      339.08]
  [     678.36      551.49]
  [       1094      577.12]
  [     783.97      534.02]
  [     983.67       564.4]
  [     770.56       796.9]
  [     965.32      799.17]
  [          0           0]
  [          0           0]
  [          0           0]
  [          0           0]]

 [[     569.15      341.65]
  [          0           0]
  [     566.07      322.44]
  [          0           0]
  [     519.46      315.65]
  [     412.13      397.81]
  [     486.73      405.76]
  [     338.96      547.38]
  [     517.32      546.79]
  [     395.11      638.96]
  [     597.17      666.82]
  [     405.31      680.66]
  [     430.75      692.35]
  [     477.47      867.33]
  [     394.06      900.54]
  [     504.31      1034.5]
  [     309.44        1080]]]