[[[          0           0]
  [          0           0]
  [          0           0]
  [      880.6      257.45]
  [     995.19      260.33]
  [     801.31      358.05]
  [     1053.7      364.45]
  [     718.62      565.95]
  [     1109.6      579.38]
  [     810.03      548.63]
  [     1015.1      568.42]
  [     827.79      790.45]
  [     985.61      788.85]
  [          0           0]
  [          0           0]
  [          0           0]
  [          0           0]]

 [[     657.04       364.4]
  [          0           0]
  [     655.62      346.57]
  [          0           0]
  [     614.09      342.34]
  [     525.12      423.39]
  [     601.17      434.02]
  [     470.58      558.48]
  [     635.18      561.43]
  [     477.19      658.01]
  [      691.4      647.59]
  [     538.89       688.7]
  [     571.49      697.92]
  [      595.3      862.47]
  [     541.28      891.44]
  [     607.36        1021]
  [     419.14      1054.2]]

 [[     130.68         203]
  [          0           0]
  [     121.21      160.25]
  [          0           0]
  [     29.282      119.14]
  [          0           0]
  [          0      286.31]
  [          0           0]
  [          0      577.32]
  [          0           0]
  [     116.67      791.58]
  [          0           0]
  [          0           0]
  [          0           0]
  [          0           0]
  [          0           0]
  [          0           0]]]