[[[       1222      461.64]
  [     1230.1      454.61]
  [     1218.2       455.8]
  [     1252.3      458.11]
  [          0           0]
  [     1282.2      502.39]
  [     1210.2      509.73]
  [     1305.3      554.56]
  [     1194.2      558.32]
  [     1309.9      602.07]
  [     1196.1       560.4]
  [     1274.6       615.7]
  [     1227.9      618.61]
  [     1277.6      693.63]
  [     1235.4      696.52]
  [     1281.4      767.61]
  [     1236.8      769.23]]

 [[     1110.1       449.4]
  [     1116.7      443.31]
  [     1104.2      443.57]
  [     1128.2      447.54]
  [     1094.5      447.53]
  [     1143.8      490.82]
  [     1074.8      489.53]
  [     1159.9      544.22]
  [     1061.5       542.1]
  [     1162.8      593.13]
  [     1067.1      592.36]
  [     1133.1      602.87]
  [     1087.3      602.32]
  [     1129.9      684.92]
  [     1084.7      684.58]
  [     1124.1      763.34]
  [     1075.6      763.34]]

 [[     1005.7      460.93]
  [     1005.9      455.24]
  [     999.46      455.19]
  [          0           0]
  [     976.99      459.09]
  [     1005.3      497.41]
  [     944.96      498.08]
  [     1018.8      540.32]
  [     938.01      546.05]
  [     1012.4      568.22]
  [     979.23      576.17]
  [     1001.6      606.33]
  [     960.19      608.59]
  [     1005.8      690.14]
  [     953.72      694.02]
  [     999.16      769.37]
  [     944.15      773.47]]]