[[[     1695.3      237.28]
  [     1723.8       209.9]
  [     1676.4      219.42]
  [     1795.3      230.49]
  [     1665.5      248.12]
  [     1875.4      392.02]
  [     1625.1      397.39]
  [     1911.1      559.19]
  [       1548      558.84]
  [     1908.9       718.6]
  [     1624.2      689.46]
  [     1826.4      752.41]
  [       1665      754.16]
  [          0           0]
  [     1663.5      1019.5]
  [          0           0]
  [          0           0]]

 [[     1286.9      215.09]
  [       1303       194.1]
  [     1260.2       194.2]
  [     1314.5      218.63]
  [     1204.8      217.93]
  [     1349.1       362.3]
  [     1140.1      355.93]
  [     1396.6      524.85]
  [     1102.2      521.28]
  [     1423.8      662.74]
  [     1194.1      640.99]
  [     1342.9      722.63]
  [     1196.9      723.98]
  [     1346.3      988.91]
  [     1170.8      990.82]
  [          0           0]
  [          0           0]]

 [[     927.16       228.1]
  [     926.42      208.44]
  [     907.62      205.21]
  [          0           0]
  [      823.3      220.05]
  [     927.34      359.77]
  [     716.02      352.25]
  [     984.81       513.3]
  [     693.98      524.96]
  [     953.59      595.38]
  [     838.95      623.64]
  [     932.62      749.05]
  [     785.85      752.72]
  [     941.87        1029]
  [     764.66      1035.5]
  [          0           0]
  [          0           0]]]