[[[     523.58      478.95]
  [          0           0]
  [     520.48      469.42]
  [          0           0]
  [     506.78      463.29]
  [     440.49      494.42]
  [     507.18      502.44]
  [        411      555.66]
  [     518.56         564]
  [     409.56      607.73]
  [     538.54      618.14]
  [     440.82      616.19]
  [      486.6       622.5]
  [     441.68      702.32]
  [     491.65       714.4]
  [     421.85       788.9]
  [     475.22       808.6]]

 [[          0           0]
  [          0           0]
  [          0           0]
  [     796.75       479.1]
  [     828.15      478.35]
  [     782.08      515.44]
  [     844.25       512.3]
  [      767.6      570.31]
  [     862.77      561.72]
  [     765.96      610.27]
  [     863.04      603.96]
  [     795.49       612.8]
  [      835.4      610.75]
  [     807.26      684.83]
  [     837.53      679.36]
  [     814.85      752.57]
  [      824.8      743.03]]

 [[     665.86      493.14]
  [          0           0]
  [     662.18      487.27]
  [          0           0]
  [     646.24      484.06]
  [     637.09      513.14]
  [     633.09      512.96]
  [          0           0]
  [     632.28      564.17]
  [          0           0]
  [     643.82      607.41]
  [     637.61      604.96]
  [     635.72      605.83]
  [     646.45       670.5]
  [     640.89      669.71]
  [     623.46      732.63]
  [     616.64      733.58]]]