[[[     1342.3      483.11]
  [     1350.4      478.17]
  [     1340.6      477.47]
  [     1372.3      482.74]
  [          0           0]
  [     1397.7      520.79]
  [     1329.4      522.45]
  [     1417.5      565.38]
  [     1317.5      568.91]
  [     1416.8         611]
  [     1327.9      618.35]
  [     1387.3      626.64]
  [     1342.3      627.84]
  [     1392.1      701.85]
  [     1347.8      705.31]
  [     1394.7      770.13]
  [     1349.4      778.66]]

 [[     1232.4      472.02]
  [     1236.9      466.34]
  [     1225.4      465.76]
  [          0           0]
  [     1209.1      470.49]
  [     1249.9      513.89]
  [     1184.9      513.27]
  [     1266.5      557.97]
  [     1171.5       564.2]
  [     1259.1      584.77]
  [     1181.4       611.7]
  [     1245.7      616.98]
  [     1202.9      617.97]
  [       1247      691.82]
  [     1197.3      693.73]
  [     1240.9      764.59]
  [     1197.5      766.86]]

 [[     1123.2      484.58]
  [     1123.2      479.31]
  [     1116.9      479.48]
  [          0           0]
  [     1096.1      484.67]
  [     1123.8      522.35]
  [     1069.1      523.28]
  [       1139      564.43]
  [     1063.3      568.56]
  [     1134.3      592.43]
  [     1103.7      596.48]
  [     1121.8      624.88]
  [     1083.9      626.63]
  [     1123.7      702.46]
  [     1077.7      704.08]
  [     1119.9      776.25]
  [       1068       777.9]]]