[[[     1131.2      492.37]
  [     1135.5      487.45]
  [     1125.8      487.52]
  [     1142.1      490.54]
  [     1116.3      490.25]
  [     1154.8      522.69]
  [       1102       523.2]
  [     1164.1      561.12]
  [     1094.4      564.66]
  [     1163.5      593.56]
  [     1103.3      599.74]
  [     1148.6      607.32]
  [     1113.2      607.85]
  [     1149.7      671.52]
  [     1114.6      670.91]
  [     1153.7      732.14]
  [     1111.9      730.01]]

 [[     1049.5       504.5]
  [     1049.7      500.28]
  [     1044.9      500.04]
  [          0           0]
  [     1028.3      502.48]
  [     1045.2      534.33]
  [     1000.9      531.49]
  [     1053.6      572.49]
  [     984.36      569.39]
  [     1063.5      606.08]
  [     984.21      607.02]
  [       1036         615]
  [     1005.9      614.82]
  [     1038.4      678.34]
  [     999.13      678.06]
  [     1038.7       737.8]
  [     994.43      737.75]]

 [[     1233.4      507.39]
  [     1239.9      502.85]
  [     1231.3      502.42]
  [     1253.8       504.7]
  [          0           0]
  [     1266.5      532.76]
  [     1215.2      531.06]
  [       1271      568.41]
  [     1196.1      564.48]
  [     1255.3      581.19]
  [     1205.9      583.03]
  [     1251.1      613.72]
  [     1218.2      612.27]
  [     1248.3      679.99]
  [       1222      676.57]
  [     1247.7      745.82]
  [     1225.6      742.26]]]