[[[     1011.6      339.89]
  [       1024      325.51]
  [     995.13      327.92]
  [       1043      331.91]
  [     970.96      337.77]
  [     1076.5      418.53]
  [      942.6      425.37]
  [     1116.6       512.7]
  [     917.79       532.9]
  [     1137.9      593.77]
  [     902.04      631.12]
  [     1053.8      645.17]
  [     964.93      647.53]
  [     1063.6      808.46]
  [     959.16      807.25]
  [     1070.7      969.05]
  [     960.01      967.52]]

 [[     755.86      356.88]
  [      762.1      345.11]
  [     741.47      341.36]
  [          0           0]
  [      694.5      347.12]
  [      772.7       444.2]
  [     631.47      434.93]
  [     802.01      546.21]
  [      609.8       538.5]
  [     756.95      594.19]
  [     686.16      606.02]
  [     758.17       672.3]
  [      661.8      672.51]
  [     761.57      841.71]
  [     657.03      845.06]
  [     757.31      996.57]
  [     652.35      1006.2]]

 [[     1193.7      288.44]
  [     1202.8       267.2]
  [          0           0]
  [     1256.3      271.29]
  [          0           0]
  [     1334.3      387.03]
  [     1238.1      391.71]
  [     1366.7      551.64]
  [       1239      562.09]
  [     1305.6      713.76]
  [     1189.8       698.6]
  [     1292.2      729.17]
  [     1222.5      723.09]
  [     1323.9      970.16]
  [     1237.2      956.74]
  [          0           0]
  [          0           0]]]