[[[     875.71      510.04]
  [     879.58      504.97]
  [     869.56      504.45]
  [          0           0]
  [     853.87      504.03]
  [     886.08      539.06]
  [     831.07      535.81]
  [     899.69      580.64]
  [      814.2      578.44]
  [     905.44      618.78]
  [     814.71       623.1]
  [     878.43      625.01]
  [     843.12      624.75]
  [     878.28       691.2]
  [     844.01      691.33]
  [     878.19      756.08]
  [     840.56      756.33]]

 [[     984.98      509.59]
  [     989.65      502.82]
  [     981.41      504.52]
  [     1005.6      497.51]
  [          0           0]
  [     1032.9      523.86]
  [     978.53      529.12]
  [     1052.8      564.19]
  [     962.18      569.22]
  [     1055.1      607.02]
  [     946.77      608.42]
  [     1021.5      619.91]
  [     985.64       619.7]
  [     1021.4      687.37]
  [     975.18      683.21]
  [     1021.2      755.23]
  [     974.86      748.96]]

 [[     1037.1      503.32]
  [     1041.3       497.1]
  [          0           0]
  [     1058.9      496.06]
  [          0           0]
  [     1086.8      527.94]
  [     1058.7      531.96]
  [     1111.5      566.65]
  [          0           0]
  [     1122.8      605.18]
  [          0           0]
  [     1086.2      628.91]
  [     1068.7      629.08]
  [     1092.8      700.46]
  [     1069.1      698.15]
  [     1096.4      771.45]
  [     1079.5      765.03]]]