[[[     378.06         189]
  [     395.82      168.93]
  [     348.93         172]
  [     420.83      195.79]
  [     302.66       203.4]
  [     493.04       334.7]
  [     234.99      339.92]
  [     573.48         494]
  [     172.07         498]
  [     502.22      559.32]
  [      316.8      536.25]
  [     483.14      699.93]
  [     309.28      710.01]
  [     519.24      961.95]
  [     317.85      980.57]
  [          0           0]
  [          0           0]]

 [[     737.89      141.96]
  [     760.61      110.78]
  [          0           0]
  [     850.57       123.7]
  [          0           0]
  [     965.15       317.1]
  [     773.71      326.08]
  [     1036.1      566.87]
  [     771.82      564.33]
  [      947.3      793.87]
  [     720.84      738.91]
  [      908.6      811.95]
  [     776.28       803.9]
  [          0           0]
  [          0           0]
  [          0           0]
  [          0           0]]]