[[[     740.25      481.78]
  [     745.17      471.26]
  [     729.19      474.49]
  [          0           0]
  [     705.19       479.1]
  [     767.25      525.04]
  [     677.54      520.88]
  [     780.76      594.56]
  [     614.85      534.46]
  [     766.68      650.22]
  [     608.35      496.63]
  [     745.62      668.81]
  [     687.52      668.93]
  [     742.77      767.71]
  [     683.46      767.44]
  [     747.61      858.05]
  [      683.7      857.18]]

 [[     1019.3       400.3]
  [     1031.1      388.36]
  [     1014.6      389.31]
  [       1066      392.22]
  [          0           0]
  [     1105.4      455.84]
  [     1005.5      463.17]
  [     1114.8      544.14]
  [     987.13      543.75]
  [     1048.3      601.91]
  [     995.14       601.4]
  [     1085.8      636.48]
  [     1018.1      639.44]
  [     1093.7      770.29]
  [     1028.6       771.1]
  [     1101.4      894.77]
  [     1037.5      889.35]]

 [[     838.38      444.97]
  [     848.03      434.64]
  [     836.82      435.59]
  [     879.43      440.03]
  [          0           0]
  [     919.05      499.26]
  [     836.02      509.31]
  [     958.68      562.55]
  [     824.75      582.41]
  [     943.31      629.59]
  [     809.69       642.9]
  [     901.12      655.47]
  [     845.62      657.88]
  [     902.28      765.85]
  [     843.87      767.56]
  [     916.27       872.1]
  [     853.02      866.38]]]