[[[     863.71      426.56]
  [     867.82      417.04]
  [     849.77      419.62]
  [          0           0]
  [     823.93      435.21]
  [     902.97      493.65]
  [      807.4      504.94]
  [     944.95      561.65]
  [     793.38      589.79]
  [     931.97      635.73]
  [      780.2      658.75]
  [     882.79      667.31]
  [     820.08      670.06]
  [     888.86       794.1]
  [     817.73      797.89]
  [     896.23      914.32]
  [     832.98         913]]

 [[     696.52      477.31]
  [     702.69      465.45]
  [     684.42      467.48]
  [          0           0]
  [     656.41      470.57]
  [     726.48      524.38]
  [     625.78      519.69]
  [     744.34      601.55]
  [     557.71      537.57]
  [     724.02      660.57]
  [     550.24      502.27]
  [      702.3      687.49]
  [     636.01      685.16]
  [     705.09       802.8]
  [     635.82      798.16]
  [     708.53      897.91]
  [     637.93      893.77]]

 [[     995.44      382.76]
  [     1005.5      370.07]
  [          0           0]
  [     1045.2      372.74]
  [          0           0]
  [     1105.7      441.48]
  [     997.11      453.18]
  [     1123.4      544.52]
  [     974.26      545.04]
  [       1036      607.79]
  [      983.9      604.94]
  [     1081.9      650.17]
  [     1008.5       651.4]
  [     1091.3      801.72]
  [     1022.3      800.49]
  [     1103.6      940.57]
  [     1037.1      933.06]]]