[[[      841.4      402.89]
  [     852.22      393.75]
  [     830.11      396.09]
  [     869.69      405.97]
  [     816.34      412.19]
  [     901.57      468.07]
  [     807.33      481.68]
  [     945.26      539.35]
  [     791.76      564.11]
  [     928.84      609.64]
  [     777.52      633.75]
  [     881.05      641.54]
  [     819.24      645.15]
  [     885.29      765.73]
  [     819.56      768.08]
  [     896.51      881.71]
  [     831.54      880.01]]

 [[     699.82      453.67]
  [     704.77       442.4]
  [      687.8      444.87]
  [          0           0]
  [     659.25      449.17]
  [     728.57      505.53]
  [     627.67      496.45]
  [     743.98       578.5]
  [      561.3       510.1]
  [      725.1      639.12]
  [     548.12       477.4]
  [     704.82      663.49]
  [     639.25      661.72]
  [     708.56      771.33]
  [     638.53      770.65]
  [      714.5      870.81]
  [     643.28      867.44]]

 [[     998.71       359.2]
  [       1009      346.67]
  [          0           0]
  [     1047.1      349.85]
  [          0           0]
  [     1103.5      417.51]
  [     996.49      430.15]
  [     1120.6      518.77]
  [     974.94       522.4]
  [     1036.3      582.79]
  [     984.08      578.35]
  [     1082.5      624.11]
  [     1009.8      625.92]
  [     1092.1      772.45]
  [     1021.5      770.99]
  [     1101.7      912.49]
  [     1034.5      903.96]]]