[[[     620.53       401.2]
  [     635.11      390.68]
  [      617.3      390.68]
  [     668.99      403.37]
  [          0           0]
  [     694.58      484.74]
  [      588.1      466.39]
  [      694.5      574.63]
  [     519.79      476.92]
  [     630.22      601.37]
  [     468.22      458.94]
  [     652.18      666.56]
  [     581.45      658.98]
  [      652.2      791.33]
  [     575.46       786.3]
  [     662.44      903.69]
  [     578.93      898.29]]

 [[     774.69      372.06]
  [     786.34      358.06]
  [     770.18      362.14]
  [     827.18      363.13]
  [          0           0]
  [     879.08      442.22]
  [     767.18      456.24]
  [     931.15      528.97]
  [     754.63      554.15]
  [     910.99      609.15]
  [      736.7      632.94]
  [     852.76      648.08]
  [     779.44      649.61]
  [     856.39      791.68]
  [      781.1      791.66]
  [     874.32      926.44]
  [      796.6      914.33]]

 [[     996.01      307.57]
  [       1010      291.93]
  [     990.76      295.04]
  [     1054.9      296.64]
  [          0           0]
  [     1114.2      379.38]
  [     981.39      395.84]
  [     1133.6      497.86]
  [     957.77      502.45]
  [     1041.5      575.66]
  [      974.5      570.21]
  [     1091.1      622.73]
  [     1001.9      626.27]
  [     1103.7      801.68]
  [     1019.4      799.23]
  [     1117.9      961.28]
  [     1030.9       956.3]]]