[[[     1275.2       366.1]
  [     1285.8      356.42]
  [     1265.4      355.73]
  [     1299.8      366.11]
  [     1248.3      364.19]
  [     1325.2      437.54]
  [     1222.2      434.52]
  [     1340.1      523.34]
  [     1197.7      520.67]
  [     1334.4      595.39]
  [     1193.4      591.86]
  [     1298.5      597.22]
  [     1229.8      594.73]
  [     1288.9      702.09]
  [       1218      700.81]
  [     1277.9      807.72]
  [     1203.9      795.02]]

 [[     1469.6      244.92]
  [     1481.6      227.13]
  [          0           0]
  [     1534.3      227.39]
  [          0           0]
  [     1564.6      317.65]
  [     1548.9      323.52]
  [     1600.9      435.28]
  [          0           0]
  [     1508.5      542.02]
  [          0           0]
  [       1548       602.2]
  [     1537.1      598.48]
  [     1550.6      798.09]
  [     1526.8      798.17]
  [     1577.3      999.12]
  [     1536.9      963.54]]]