[[[     1248.9      329.64]
  [       1266      313.55]
  [     1232.4      313.96]
  [     1295.2      321.28]
  [     1211.2      322.84]
  [     1336.8      412.71]
  [     1186.2      418.19]
  [     1395.3      529.06]
  [     1153.8      535.23]
  [     1392.8      638.18]
  [       1132      637.07]
  [     1321.1      672.69]
  [     1223.3      675.33]
  [       1352      868.93]
  [     1236.3      863.95]
  [     1367.9        1052]
  [       1281      1040.1]]

 [[     902.55      317.64]
  [     904.67      301.68]
  [     891.74      299.35]
  [          0           0]
  [     837.56      298.07]
  [      864.9      399.98]
  [     781.95      389.63]
  [     877.09      528.63]
  [     768.52      527.66]
  [     945.28      585.56]
  [     817.69      650.29]
  [        885      664.49]
  [     828.79       667.4]
  [      880.6      853.57]
  [     800.01      864.49]
  [     860.55      1018.5]
  [     781.34      1043.5]]

 [[     1788.6      453.53]
  [     1798.4      445.61]
  [     1779.8      445.48]
  [     1814.2      450.61]
  [     1765.9      450.54]
  [     1825.2      494.81]
  [       1748      493.35]
  [          0           0]
  [     1706.5      550.03]
  [          0           0]
  [     1742.7       576.9]
  [     1803.6      618.93]
  [       1753      615.69]
  [     1781.5      700.71]
  [     1742.9      695.63]
  [     1745.6       782.7]
  [       1711      782.93]]]