[[[       1488       81.39]
  [     1510.6      52.332]
  [     1446.6      65.823]
  [     1552.5      84.363]
  [     1399.3      116.34]
  [     1646.7      255.96]
  [     1342.4      277.79]
  [     1713.6      442.24]
  [     1269.6      479.76]
  [     1708.1      603.29]
  [     1336.4      633.27]
  [     1609.5      722.13]
  [     1400.6       730.3]
  [     1640.5      1029.3]
  [     1371.9      1036.3]
  [          0           0]
  [          0           0]]

 [[     1010.6       166.4]
  [     1029.3      145.93]
  [     978.76      149.72]
  [       1051      184.86]
  [     929.47      194.09]
  [     1100.8       347.6]
  [     866.86      346.58]
  [     1143.5      538.58]
  [     811.96      540.52]
  [     1146.4      696.31]
  [     869.45         704]
  [     1070.2      736.48]
  [     911.52      737.17]
  [     1055.4      1022.2]
  [     898.28        1030]
  [          0           0]
  [          0           0]]

 [[          0           0]
  [          0           0]
  [          0           0]
  [          0           0]
  [          0           0]
  [          0           0]
  [          0           0]
  [          0           0]
  [     1914.9      483.52]
  [          0           0]
  [       1892      670.72]
  [          0           0]
  [          0           0]
  [          0           0]
  [          0           0]
  [          0           0]
  [          0           0]]]