[[[       1007      491.67]
  [     1010.8      486.45]
  [     1001.1      486.67]
  [     1015.4      490.13]
  [     989.75      490.26]
  [     1028.7      521.58]
  [     973.99      521.99]
  [       1043      560.42]
  [     960.17      561.45]
  [     1026.9      566.76]
  [     995.88       562.8]
  [     1021.4      606.25]
  [     984.33      606.97]
  [     1025.9      671.14]
  [      982.5      671.19]
  [     1026.6      729.35]
  [     979.37      728.78]]

 [[     1094.9      495.01]
  [     1099.7      489.18]
  [     1094.1      489.52]
  [     1116.4      487.65]
  [          0           0]
  [     1136.7      521.04]
  [     1105.3      522.34]
  [     1140.7         569]
  [     1100.7      568.94]
  [     1130.7      611.76]
  [       1097      606.33]
  [     1126.4      613.45]
  [     1106.4      613.27]
  [     1133.2      684.75]
  [     1119.6      681.98]
  [     1149.9      751.38]
  [       1137      746.87]]]