[[[     1298.8      265.32]
  [     1320.9      242.49]
  [     1279.9      247.26]
  [     1372.6      249.65]
  [     1266.2      261.51]
  [     1439.9      365.08]
  [     1243.9         381]
  [     1512.9      505.85]
  [       1220      532.01]
  [     1504.3      650.82]
  [     1192.8       644.1]
  [     1410.3      700.58]
  [     1280.4      705.73]
  [     1451.7      952.35]
  [     1306.7      953.02]
  [          0           0]
  [          0           0]]

 [[     892.75      261.07]
  [     899.06      243.51]
  [     882.89      236.31]
  [          0           0]
  [     816.08      223.65]
  [     856.11      354.39]
  [     740.61      337.12]
  [     888.58      497.18]
  [     707.98      498.74]
  [     971.15      573.42]
  [     773.82      662.76]
  [     868.35      685.02]
  [     791.66      686.92]
  [     859.85      922.64]
  [     762.01      931.21]
  [     824.14      1066.9]
  [     719.37        1080]]]