[[[     324.94      480.52]
  [     330.69      475.13]
  [     318.64      474.39]
  [     337.12      479.62]
  [     304.61      476.59]
  [     349.37      517.21]
  [      280.8      515.42]
  [      365.4      555.92]
  [     266.15      558.31]
  [     342.83      566.06]
  [     304.33      565.37]
  [     339.44      614.32]
  [     292.29      614.63]
  [     337.76      684.36]
  [      283.6      687.12]
  [     340.89      752.24]
  [      277.7      754.42]]

 [[     434.91      484.34]
  [     441.47      479.23]
  [     435.06      479.14]
  [     462.61      483.41]
  [          0           0]
  [     481.65      521.69]
  [     445.59      521.49]
  [     487.93      573.84]
  [     439.11      570.35]
  [     468.32      613.71]
  [     425.69       609.6]
  [     463.52      618.94]
  [     440.48      617.75]
  [     469.21      693.11]
  [     451.48      690.54]
  [     487.01       762.2]
  [     467.81      759.15]]]