[[[     1174.4      416.77]
  [     1185.4      408.18]
  [     1168.5      407.89]
  [     1211.6      413.45]
  [          0           0]
  [     1241.5      472.09]
  [     1158.6       472.5]
  [     1263.3      541.28]
  [     1146.9      541.54]
  [     1256.8         611]
  [     1131.7      602.42]
  [       1219      627.92]
  [       1165       626.4]
  [     1232.1      744.32]
  [     1181.3      735.09]
  [     1246.7      856.83]
  [       1197      843.96]]

 [[     951.56      407.21]
  [     958.73       398.6]
  [     940.16      398.02]
  [          0           0]
  [     917.85      403.39]
  [     968.39      464.61]
  [     898.69      459.45]
  [     984.05      530.45]
  [     906.35      521.27]
  [     1028.2      531.51]
  [     980.92      517.34]
  [     967.02      619.27]
  [     919.16      622.01]
  [     962.24      724.92]
  [     913.29      735.61]
  [     943.59      824.03]
  [     901.41      841.91]]]