[[[     133.91      473.75]
  [     140.07       467.6]
  [     126.31      467.49]
  [      146.9       473.9]
  [     110.75      472.92]
  [     162.87      517.53]
  [     83.031      514.98]
  [     182.35      564.74]
  [     59.748      560.69]
  [     174.61      598.23]
  [     54.876      610.47]
  [     147.49      625.77]
  [      93.57      625.24]
  [     155.58      700.32]
  [     79.649      703.45]
  [     151.68      768.13]
  [     75.531      774.79]]

 [[     266.76      483.91]
  [     274.34       478.3]
  [     264.76      478.34]
  [      295.4      480.51]
  [          0           0]
  [     312.09      517.59]
  [     269.39      517.91]
  [     318.86      571.89]
  [     261.87      571.03]
  [      302.4      617.45]
  [     246.98      613.77]
  [     292.61      622.49]
  [     265.11      621.29]
  [     297.05      702.39]
  [     273.18      697.38]
  [     316.73      775.17]
  [     292.65      768.11]]]