[[[     1462.2      151.77]
  [     1499.9      128.78]
  [     1442.7      128.86]
  [     1573.1      159.87]
  [       1424      158.04]
  [     1658.5      309.28]
  [     1374.7      314.76]
  [     1733.9      503.61]
  [     1323.7      500.62]
  [     1746.1      700.42]
  [     1291.9       651.7]
  [     1608.6      722.64]
  [     1418.3      722.92]
  [     1626.8      1019.4]
  [     1419.9      1011.8]
  [          0           0]
  [          0           0]]

 [[     561.89      131.75]
  [     581.92      114.14]
  [     526.93       111.5]
  [     600.05      160.37]
  [     462.13      157.53]
  [     657.37      328.87]
  [        380      314.15]
  [     712.44      528.98]
  [     275.46         499]
  [     713.57      678.28]
  [      277.9       671.2]
  [     609.25      752.28]
  [     427.36      746.64]
  [     609.16      1047.5]
  [     424.17      1041.9]
  [          0           0]
  [          0           0]]

 [[     1023.9       126.6]
  [     1048.1      107.84]
  [     996.38      107.46]
  [     1078.1      147.95]
  [     955.09       147.9]
  [     1134.6      297.12]
  [     893.82      297.66]
  [     1198.6      458.72]
  [     833.14      470.23]
  [     1189.3      581.54]
  [     900.62      604.43]
  [     1101.8      692.89]
  [     939.41      694.48]
  [     1098.7      960.78]
  [     915.69      966.34]
  [          0           0]
  [          0           0]]]