[[[     952.84      400.75]
  [     960.68      391.68]
  [     941.29      391.52]
  [     969.18       400.4]
  [     921.12      398.31]
  [     987.55      465.27]
  [     890.63      454.51]
  [     1007.5      541.72]
  [     863.98      523.87]
  [     1032.6      529.03]
  [     916.05      517.63]
  [     965.71      624.25]
  [     901.89      621.06]
  [     956.98      743.97]
  [     890.01      740.32]
  [     944.46      848.96]
  [     886.58      845.43]]

 [[     1157.8      395.55]
  [     1171.1      383.34]
  [     1147.4      383.95]
  [     1196.7       384.9]
  [          0           0]
  [     1221.5      450.93]
  [     1137.7      451.35]
  [     1246.8      546.86]
  [       1131      536.17]
  [     1230.8      638.28]
  [     1114.3      604.66]
  [     1196.1      643.45]
  [     1141.5      640.63]
  [     1201.2      790.51]
  [     1161.9      776.65]
  [     1223.5      928.25]
  [     1187.6      902.65]]]