[[[     943.99      322.49]
  [     955.27      309.45]
  [     928.61      309.99]
  [     968.37      320.96]
  [     902.69       320.7]
  [     991.65      410.91]
  [     868.99       408.7]
  [     1023.1      508.86]
  [     843.76      511.74]
  [     1074.2      589.84]
  [     875.58      595.33]
  [     982.04      629.44]
  [     897.92      630.57]
  [     989.65      787.32]
  [     877.06      787.45]
  [     981.27      936.24]
  [        859      936.26]]

 [[     1183.9      268.13]
  [     1202.4      251.73]
  [     1184.3      253.28]
  [     1258.2      269.78]
  [          0           0]
  [     1300.6       362.9]
  [     1185.6      374.15]
  [     1241.2       486.7]
  [     1140.8      511.95]
  [     1133.4      461.06]
  [     1105.9      455.55]
  [     1285.4      650.83]
  [     1202.1      653.16]
  [     1304.4      879.13]
  [     1223.2      870.53]
  [     1323.5      1058.5]
  [     1271.3      1045.4]]]