[[[     1103.3      453.23]
  [     1111.1       447.1]
  [     1101.2      446.86]
  [     1132.7      449.87]
  [          0           0]
  [       1151      491.48]
  [     1110.8      491.24]
  [     1159.2      549.63]
  [     1109.1      546.42]
  [     1136.5       596.2]
  [     1092.5       589.2]
  [     1134.3       604.8]
  [     1108.5      603.33]
  [     1139.6      692.24]
  [     1122.7       687.7]
  [     1156.4       773.7]
  [       1139      766.45]]

 [[     981.39      452.75]
  [     985.41      446.82]
  [      973.4      447.75]
  [     989.59      452.12]
  [     959.13      453.79]
  [     1001.3      491.41]
  [     942.87      492.71]
  [     1008.2      538.87]
  [     930.41      541.84]
  [     1014.1      579.43]
  [     941.61      588.02]
  [     993.27      594.37]
  [     953.43      596.15]
  [     1002.8       670.3]
  [      949.3      673.71]
  [       1007      740.41]
  [     952.06      744.75]]]