[[[     1170.3      472.63]
  [     1176.5      466.79]
  [     1164.1      466.41]
  [     1186.2      469.76]
  [     1153.5      468.55]
  [     1202.7      506.29]
  [     1137.2      505.38]
  [     1220.7      553.42]
  [     1124.3      552.33]
  [     1222.5      600.33]
  [     1118.9      590.22]
  [     1190.3      609.09]
  [     1147.7      608.46]
  [     1193.3      687.76]
  [     1150.8       684.9]
  [     1198.1       762.4]
  [       1155      756.68]]

 [[     934.19      473.52]
  [     939.53      467.69]
  [     927.24      467.41]
  [     945.55      472.83]
  [     913.95      471.29]
  [     957.66      513.95]
  [     894.29      511.01]
  [     970.53      560.68]
  [     879.48      556.77]
  [      967.7      598.96]
  [     892.18      598.59]
  [     946.26      611.42]
  [     904.73      610.89]
  [      942.8      681.18]
  [      901.1      682.03]
  [        943      747.91]
  [     898.58      749.72]]

 [[     1046.3      462.24]
  [     1052.2      456.01]
  [     1040.3      456.67]
  [     1063.6      458.87]
  [     1031.4       460.3]
  [     1082.2      498.64]
  [     1015.2      499.18]
  [     1097.1      546.46]
  [     1000.2      547.61]
  [     1099.7      587.99]
  [     1002.1       595.2]
  [     1068.6      601.55]
  [     1024.9      601.57]
  [     1069.4      677.98]
  [     1026.3      677.22]
  [       1069      749.72]
  [     1027.2      749.68]]]