[[[     899.78      357.13]
  [     910.07      345.16]
  [     885.66      346.29]
  [     923.97      351.37]
  [     863.14      353.08]
  [      948.9      425.29]
  [     832.35      430.43]
  [     978.94      512.68]
  [     811.42      524.23]
  [     1022.3      587.48]
  [     799.14      613.68]
  [     948.77      622.57]
  [     871.25      630.42]
  [     981.18       751.6]
  [     878.04      769.78]
  [     965.95       882.4]
  [     883.78      911.41]]

 [[     1141.2      325.09]
  [     1152.7      307.89]
  [          0           0]
  [     1199.8      305.75]
  [          0           0]
  [       1263      394.97]
  [     1179.3      405.65]
  [     1284.4      506.47]
  [     1181.8      532.61]
  [     1180.2      579.76]
  [     1126.2      613.45]
  [       1244      659.62]
  [     1188.7      655.46]
  [       1265      857.52]
  [     1204.1      830.53]
  [       1299      1034.2]
  [     1247.9      990.02]]]