[[[     1229.1      409.98]
  [     1235.5      398.64]
  [     1216.7      397.95]
  [          0           0]
  [     1180.1      391.01]
  [     1251.8      453.29]
  [     1130.2      446.32]
  [     1283.9      551.88]
  [     1096.4      532.07]
  [     1284.7      646.06]
  [     1071.5      605.76]
  [     1230.6      650.77]
  [     1154.6      647.72]
  [     1238.2      810.63]
  [     1174.5      791.83]
  [     1242.5      959.12]
  [     1203.2      924.83]]

 [[     960.12       401.4]
  [     968.42      391.42]
  [     947.14      392.22]
  [     977.24      399.88]
  [     925.29      401.08]
  [     998.26      465.72]
  [     899.93      460.19]
  [     1018.8      544.14]
  [      868.1      531.84]
  [     1022.9      503.04]
  [     873.44      515.64]
  [     974.15      634.55]
  [     909.41      632.36]
  [     962.18      756.81]
  [        890      756.16]
  [     948.06      866.62]
  [     886.95      868.54]]]