[[[     747.68      313.39]
  [     751.37       308.5]
  [     742.39      309.83]
  [     758.87      311.99]
  [     735.35      315.13]
  [     774.28      340.65]
  [     726.91      345.41]
  [     787.11         373]
  [     718.16      375.16]
  [     778.97      395.03]
  [     739.23       369.1]
  [     767.03      418.63]
  [     734.79      420.84]
  [     772.14      475.44]
  [     731.72      477.58]
  [     774.57      529.66]
  [     731.51      530.08]]

 [[     648.74       320.4]
  [          0           0]
  [     644.98      314.92]
  [          0           0]
  [     629.42      314.96]
  [     629.11      342.44]
  [     616.06      342.41]
  [     636.03      374.81]
  [     615.63      384.19]
  [      654.8      370.87]
  [     630.18      420.76]
  [     634.61      421.01]
  [     626.89      422.99]
  [     629.08      485.27]
  [     622.83      488.98]
  [     625.07      544.21]
  [     616.71      552.45]]]