[[[     584.01      266.92]
  [     592.89      261.99]
  [     582.19      261.06]
  [     614.94      271.38]
  [          0           0]
  [     641.02      317.09]
  [     571.78      317.14]
  [     660.64      370.51]
  [     561.79      373.84]
  [     659.45      424.38]
  [     552.76      423.18]
  [     626.13      435.73]
  [     580.52      434.79]
  [     635.06      526.68]
  [     586.84       521.7]
  [     643.04      608.15]
  [     599.16       600.9]]

 [[     380.44      250.45]
  [     381.74      243.21]
  [     370.99      243.46]
  [          0           0]
  [     345.22      249.79]
  [     373.99      303.77]
  [     319.88      301.29]
  [     384.52      362.82]
  [     309.14         361]
  [     426.76      380.48]
  [      373.6      383.65]
  [     378.18      436.84]
  [     342.32      441.12]
  [      368.9      529.11]
  [     331.54      542.46]
  [        360      616.42]
  [     316.48      635.93]]]