[[[     746.36      308.98]
  [     750.72      305.18]
  [     743.76      305.43]
  [     760.82      307.28]
  [          0           0]
  [     772.54      330.34]
  [     738.84      330.23]
  [     771.98      357.84]
  [     734.12      351.77]
  [     751.78      341.25]
  [     738.67      326.11]
  [        763      393.79]
  [      739.4      393.05]
  [     761.42      442.26]
  [     735.49      441.88]
  [     759.17      488.78]
  [     734.17      487.68]]

 [[      670.7      313.36]
  [          0           0]
  [     668.35      309.44]
  [          0           0]
  [     657.01      310.63]
  [     656.51      334.96]
  [     640.38      335.08]
  [      664.6      366.27]
  [     636.31      370.85]
  [     677.77      385.24]
  [     648.06       400.9]
  [      656.4      401.24]
  [     647.05      402.11]
  [     652.47      454.64]
  [     644.76      455.46]
  [     643.69      504.52]
  [     637.42      506.92]]]