[[[     1120.9      108.87]
  [     1138.3      91.461]
  [     1100.1      96.775]
  [     1168.2      108.66]
  [     1075.1      120.61]
  [     1208.2      205.71]
  [     1034.4      215.13]
  [     1239.2      323.07]
  [     968.63      326.64]
  [     1233.2      438.15]
  [     1004.3      326.05]
  [     1141.8      456.29]
  [     1025.1       455.3]
  [     1112.4      620.62]
  [      964.6      620.45]
  [          0           0]
  [          0           0]]

 [[     773.74      121.54]
  [     774.96      106.51]
  [     764.49      102.86]
  [          0           0]
  [     705.33      104.02]
  [      731.1      214.97]
  [     630.71      201.06]
  [     728.43      353.64]
  [     590.48      341.85]
  [     726.68      452.96]
  [     614.02      479.06]
  [     694.69      487.17]
  [     625.51      481.94]
  [     666.79      680.91]
  [     594.99      683.34]
  [          0           0]
  [          0           0]]]