[[[     772.61      311.67]
  [     777.62      307.76]
  [     768.57      307.33]
  [     785.59      312.21]
  [     761.64      310.86]
  [     797.87      342.94]
  [      746.5      340.82]
  [     810.88      379.82]
  [     735.78      377.27]
  [     816.03      414.22]
  [     732.88      411.99]
  [     788.51      420.45]
  [     754.41      419.74]
  [     792.37      480.29]
  [     753.81      478.66]
  [     793.49      536.28]
  [     756.55      534.31]]

 [[     659.36      309.41]
  [     664.02       305.3]
  [     655.11      304.61]
  [     669.81      308.46]
  [     646.31      306.42]
  [     679.39      337.68]
  [      629.1      335.51]
  [     688.64      369.87]
  [     615.98      369.18]
  [     681.02       394.1]
  [     619.49      399.43]
  [     667.86       415.4]
  [     634.33      414.52]
  [     670.16      473.56]
  [     632.33      471.98]
  [     670.13       528.1]
  [     633.06      525.92]]]