[[[     752.99      309.87]
  [     758.54      305.73]
  [     752.68      305.47]
  [     776.29      308.79]
  [          0           0]
  [     800.41      340.23]
  [     747.77      340.89]
  [     813.78      378.83]
  [     737.42      379.23]
  [     816.61      417.79]
  [     733.12      415.36]
  [     789.99      425.91]
  [     754.91      425.48]
  [     793.74      490.04]
  [     757.22      488.14]
  [     796.68      548.88]
  [     760.13      546.82]]

 [[     633.62      304.86]
  [      639.3      300.61]
  [     633.23      300.15]
  [     655.39       303.4]
  [          0           0]
  [     674.03      333.62]
  [      629.3      332.95]
  [     682.82      373.44]
  [     621.95       369.7]
  [      676.3      409.22]
  [     613.98      400.89]
  [     659.82       417.4]
  [     629.45      415.77]
  [     664.29      479.12]
  [     628.41      476.32]
  [     666.89      537.64]
  [     629.34      535.14]]]