[[[     740.28      295.54]
  [        743      291.02]
  [     734.65      292.13]
  [     747.04      293.53]
  [     725.18      295.88]
  [     759.02      323.28]
  [     712.52      324.63]
  [     768.13      359.82]
  [     704.91      360.75]
  [     772.28      392.99]
  [     705.33      394.46]
  [     754.13       399.5]
  [     722.41       401.1]
  [     762.88      455.01]
  [     722.54      457.62]
  [     767.31      507.75]
  [     723.14      512.11]]

 [[     662.44      287.59]
  [          0           0]
  [     658.23      283.31]
  [          0           0]
  [      646.4      289.51]
  [     649.52      321.18]
  [     636.53      321.99]
  [          0           0]
  [     633.21      364.98]
  [          0           0]
  [     648.02      402.17]
  [     646.55      400.11]
  [     638.56      401.04]
  [     643.42      466.75]
  [     637.23      468.69]
  [     636.97      527.82]
  [     632.45      533.33]]]