[[[     754.02      298.54]
  [     758.72      295.37]
  [     750.52      294.48]
  [     765.99      301.23]
  [     744.61      298.19]
  [     772.04      330.25]
  [     730.53      321.38]
  [     773.43      363.53]
  [     714.21      345.66]
  [      785.6      354.93]
  [     734.62      348.34]
  [     761.98      398.21]
  [      733.4      395.89]
  [     768.39      450.52]
  [     727.78      449.56]
  [      768.8      499.75]
  [     729.45      501.91]]

 [[     654.42      301.24]
  [          0           0]
  [     651.22      296.99]
  [          0           0]
  [     638.47      300.56]
  [     638.92      329.56]
  [     624.17      329.59]
  [          0           0]
  [     620.78      367.53]
  [          0           0]
  [     632.76      401.79]
  [     640.57      403.09]
  [     631.57      403.78]
  [     635.61      461.33]
  [     627.51      462.03]
  [     630.95      516.03]
  [     623.36       518.5]]]