[[[     775.65      275.52]
  [      784.6      269.55]
  [      771.9      268.46]
  [     805.85      276.12]
  [          0           0]
  [     832.83      320.79]
  [      755.5      316.11]
  [     861.14      362.37]
  [     720.95      345.53]
  [     852.42      403.13]
  [     716.01      367.64]
  [     815.63      441.55]
  [     765.98      439.53]
  [      820.8      529.99]
  [     769.77      529.37]
  [      830.3      611.31]
  [     776.44      615.07]]

 [[     627.03       269.1]
  [     633.35       262.6]
  [      619.5      261.68]
  [          0           0]
  [     602.75      264.18]
  [     650.96      311.99]
  [     575.64      308.88]
  [     667.45      357.17]
  [     559.11      358.61]
  [     656.72      396.99]
  [     573.15      408.56]
  [     639.69      429.22]
  [     589.95      428.74]
  [      642.9         516]
  [     591.51      513.37]
  [     645.17         601]
  [     595.04      596.11]]]