[[[     634.81      311.69]
  [     638.32      307.61]
  [     630.01      307.43]
  [     641.34      310.39]
  [     619.88      309.57]
  [     648.56      338.94]
  [     604.75      337.88]
  [     658.66      371.05]
  [     595.47      369.86]
  [     659.13      402.93]
  [     590.21      398.73]
  [     640.06      408.52]
  [     611.58      408.56]
  [     642.28       461.6]
  [     616.43      460.94]
  [     647.11       513.2]
  [     619.37      511.11]]

 [[     490.95      301.32]
  [     492.77      296.84]
  [     485.16      297.13]
  [          0           0]
  [     472.02      299.72]
  [     492.68      328.44]
  [     461.31      329.14]
  [     498.44      365.44]
  [     456.31      367.99]
  [     509.48      395.54]
  [     466.61      401.81]
  [     491.17      405.75]
  [     470.91      407.36]
  [     486.55      459.29]
  [     469.24      464.37]
  [     477.51      512.06]
  [     461.93       519.8]]]