[[[     751.04      312.36]
  [     755.08      307.59]
  [     745.51      308.62]
  [     762.98      311.65]
  [     738.46      313.97]
  [      778.5      343.47]
  [     729.21      345.79]
  [     791.16      381.78]
  [     718.17      382.47]
  [      799.1      416.94]
  [     713.46      416.92]
  [     772.91      424.06]
  [     739.25      425.32]
  [     780.43      480.15]
  [     737.31       482.4]
  [     780.35      532.69]
  [     735.74       534.6]]

 [[     647.44      328.33]
  [        650      323.49]
  [     643.79       322.3]
  [          0           0]
  [     628.31      319.34]
  [     640.59      337.91]
  [     613.77      348.04]
  [     668.02       342.6]
  [      613.2       388.7]
  [     653.76      328.13]
  [      627.6      427.91]
  [      641.7      425.08]
  [     625.72      429.86]
  [     632.18      492.56]
  [     622.15      498.25]
  [     626.98      553.53]
  [     615.36      561.68]]]