[[[     809.37      235.12]
  [     820.81      225.83]
  [     802.52      225.89]
  [     847.63      230.45]
  [          0           0]
  [     882.83      288.67]
  [     783.18      291.66]
  [     912.42      359.19]
  [      764.5      365.29]
  [     916.46      429.82]
  [     761.56      433.14]
  [     867.87      445.66]
  [      802.5      446.08]
  [     872.73      559.17]
  [     803.61      557.66]
  [     870.46      665.02]
  [     807.12      663.25]]

 [[        642      225.39]
  [     651.54      218.12]
  [     633.79      216.42]
  [     662.85       228.7]
  [     618.47      224.31]
  [     678.81      284.91]
  [     590.28      276.66]
  [     690.27      335.88]
  [     552.27      319.67]
  [     662.54      280.24]
  [        580      262.55]
  [     649.83      431.48]
  [      589.9      427.81]
  [     649.51      541.55]
  [     582.56      536.74]
  [     642.12      644.83]
  [     574.23      641.72]]]