[[[     624.18      323.79]
  [     628.16      319.73]
  [     621.38      320.27]
  [     639.38      319.17]
  [          0           0]
  [     656.21      341.72]
  [     614.78      344.53]
  [     668.25      371.98]
  [     610.16      375.94]
  [     668.57       401.9]
  [     607.92      403.12]
  [     652.22      407.75]
  [     624.89      408.91]
  [      656.2      458.27]
  [     630.34      458.36]
  [     662.63      506.58]
  [     633.71       507.4]]

 [[     522.69      310.56]
  [     523.92      306.54]
  [     517.46      306.85]
  [          0           0]
  [     505.51      308.78]
  [     524.32      334.87]
  [     497.86      335.81]
  [     529.94      370.36]
  [     494.86      372.73]
  [     538.54       400.2]
  [     506.35      403.37]
  [     522.35      404.93]
  [     505.48      406.42]
  [     515.97      454.95]
  [     502.96      459.35]
  [     507.82      505.31]
  [     491.89      512.24]]]