[[[     273.31       370.5]
  [     286.58      360.97]
  [     268.77      359.81]
  [     317.87      368.38]
  [          0           0]
  [     347.72      427.79]
  [     255.51      428.42]
  [     379.27      505.84]
  [     243.59       503.8]
  [     341.01      576.32]
  [     231.98      563.22]
  [      322.6      595.93]
  [     261.83      596.33]
  [     323.04      711.59]
  [     270.65      711.64]
  [     329.89      825.95]
  [     278.51      819.89]]

 [[          0           0]
  [          0           0]
  [          0           0]
  [          0           0]
  [      37.79      369.47]
  [          0           0]
  [     56.816      441.21]
  [          0           0]
  [     78.293       537.9]
  [          0           0]
  [     94.515      607.56]
  [          0           0]
  [       41.7      623.24]
  [          0           0]
  [     43.531      764.07]
  [          0           0]
  [          0           0]]]