[[[     298.32      449.12]
  [     306.41      442.38]
  [     295.16      442.31]
  [     326.73      445.46]
  [          0           0]
  [     351.47      486.45]
  [     287.13      487.66]
  [     377.84      537.62]
  [     275.72      534.42]
  [     399.96       582.3]
  [      251.3      564.94]
  [     336.96      594.43]
  [     296.26      593.88]
  [     333.12      672.31]
  [     293.15      673.17]
  [      331.9      756.55]
  [     310.22      751.61]]

 [[          0           0]
  [          0           0]
  [          0           0]
  [     154.66         460]
  [     191.57      459.52]
  [     122.33      511.39]
  [     213.07      508.72]
  [     105.23      587.33]
  [     234.17       583.1]
  [          0           0]
  [          0           0]
  [     132.96       641.7]
  [     197.95      640.48]
  [     135.27      705.05]
  [     206.96      700.91]
  [     134.13      793.81]
  [     190.87       789.6]]

 [[     106.57      450.03]
  [          0           0]
  [     98.002      443.04]
  [          0           0]
  [     75.917      450.24]
  [     102.26      496.56]
  [     57.805      495.14]
  [          0           0]
  [     48.235      537.72]
  [          0           0]
  [     94.059      525.27]
  [     96.035      609.49]
  [     63.095      611.15]
  [     93.738      688.62]
  [     56.125      692.62]
  [     75.509      766.76]
  [      35.05      776.25]]]