[[[     433.07      418.83]
  [     444.09      411.09]
  [      429.2      408.83]
  [     467.39      416.82]
  [          0           0]
  [      490.9       462.7]
  [     412.77      458.09]
  [     514.41      527.33]
  [     402.28      518.44]
  [     478.55      586.31]
  [     399.12      575.36]
  [     465.91      599.22]
  [     413.03      597.06]
  [     467.55      696.18]
  [     404.72       692.7]
  [      459.1      785.28]
  [     401.55      780.99]]

 [[          0           0]
  [          0           0]
  [          0           0]
  [     213.04      420.47]
  [     258.68      422.03]
  [     175.55      479.23]
  [     274.23      476.11]
  [     160.07      565.93]
  [     295.04      560.84]
  [     186.31      601.01]
  [     303.11      606.13]
  [     189.63      640.83]
  [     258.82      639.09]
  [          0           0]
  [          0           0]
  [          0           0]
  [          0           0]]

 [[     205.28      431.91]
  [          0           0]
  [     196.48      422.64]
  [          0           0]
  [     165.09      425.54]
  [     190.86      479.84]
  [     135.34      474.91]
  [          0           0]
  [     123.16      545.13]
  [          0           0]
  [     181.42      583.48]
  [     185.43      615.75]
  [     144.13      616.64]
  [          0           0]
  [     150.89      721.37]
  [          0           0]
  [          0           0]]

 [[          0           0]
  [          0           0]
  [          0           0]
  [          0           0]
  [          0           0]
  [     1592.4      783.14]
  [     1652.8      780.86]
  [     1576.6      838.24]
  [          0           0]
  [     1566.5      883.36]
  [          0           0]
  [     1599.9      884.52]
  [     1641.6      883.24]
  [          0           0]
  [          0           0]
  [          0           0]
  [          0           0]]]