[[[          0           0]
  [          0           0]
  [          0           0]
  [          0           0]
  [      106.5      453.83]
  [     30.679       503.6]
  [     127.36      504.81]
  [     10.312      578.52]
  [     146.13      584.35]
  [          0           0]
  [     153.99      636.92]
  [     39.038      651.23]
  [     105.72      651.44]
  [          0           0]
  [          0           0]
  [          0           0]
  [          0           0]]

 [[     240.64      443.92]
  [     250.33      437.83]
  [     236.87      436.71]
  [     271.46      443.71]
  [          0           0]
  [      296.7      487.12]
  [     219.62         486]
  [      327.6      540.41]
  [     205.62      536.56]
  [     297.95      589.68]
  [     203.77       577.3]
  [      278.9      608.91]
  [      228.8      607.24]
  [     278.87      690.73]
  [     232.02      691.19]
  [     280.33      775.78]
  [     238.66      772.49]]]