[[[     298.95      455.52]
  [     305.94      448.78]
  [     294.05       448.8]
  [     324.71      446.97]
  [          0           0]
  [      355.7      478.48]
  [     284.65      481.23]
  [     395.19      518.77]
  [     277.04      527.05]
  [     389.13      566.72]
  [     281.43      566.08]
  [     341.33      590.07]
  [     295.81      589.28]
  [     340.44      665.92]
  [     294.29      664.94]
  [     333.49      749.95]
  [     306.74      745.14]]

 [[          0           0]
  [          0           0]
  [          0           0]
  [     154.96      448.93]
  [     190.82      448.98]
  [      121.5      497.03]
  [     209.91      495.13]
  [     102.85      566.64]
  [     229.17      567.81]
  [          0           0]
  [     235.11      613.87]
  [      130.4      633.18]
  [     192.91      633.09]
  [      137.6      700.02]
  [     209.37      698.78]
  [      134.6      788.22]
  [     188.41      791.96]]

 [[     110.92      447.21]
  [     113.47      439.43]
  [     102.09      439.56]
  [          0           0]
  [     79.119      444.53]
  [     106.76         492]
  [     59.583      489.65]
  [          0           0]
  [     44.354      545.91]
  [          0           0]
  [     79.567         586]
  [     94.992       603.2]
  [     61.835      603.89]
  [     94.488       683.5]
  [      56.12      686.43]
  [     78.898       760.7]
  [     34.033      770.08]]]