[[[     214.52      428.46]
  [     225.04       421.1]
  [     211.15      419.26]
  [     248.34      427.31]
  [          0           0]
  [     272.86      474.24]
  [     199.16      470.75]
  [     300.71      534.14]
  [     184.72      524.62]
  [     270.35      585.55]
  [     168.98      562.34]
  [     250.51      602.83]
  [      201.2      601.01]
  [      255.3      693.14]
  [     199.14      691.09]
  [     260.79      778.13]
  [     210.04      774.21]]

 [[          0           0]
  [          0           0]
  [          0           0]
  [          0           0]
  [     51.978      436.61]
  [          0           0]
  [     68.805      489.69]
  [          0           0]
  [     95.531      565.78]
  [          0           0]
  [          0           0]
  [          0           0]
  [     48.397      638.26]
  [          0           0]
  [     58.515      727.94]
  [          0           0]
  [      57.91      836.67]]]