[[[     456.31      440.64]
  [     466.18      433.64]
  [     451.43      432.69]
  [     486.35      438.22]
  [          0           0]
  [     509.84      484.33]
  [     435.72      483.59]
  [     534.58      539.83]
  [     421.07      530.08]
  [     514.77      594.03]
  [     420.28      568.98]
  [     493.91      612.72]
  [     446.68      612.22]
  [     496.58      699.26]
  [     455.72      703.31]
  [     501.04      795.66]
  [     463.24       793.9]]

 [[          0           0]
  [          0           0]
  [          0           0]
  [     286.12      449.05]
  [     334.87      451.78]
  [      248.2      502.03]
  [     340.01      505.35]
  [     224.65      578.45]
  [     356.07      584.52]
  [     254.82       615.4]
  [     361.57      637.55]
  [     251.34      651.24]
  [     313.23      653.11]
  [     268.27       740.2]
  [     324.81      740.03]
  [      278.1      850.92]
  [     319.43      855.79]]

 [[     252.39      458.78]
  [     255.32      451.62]
  [     241.73      451.68]
  [          0           0]
  [     216.59      458.78]
  [     253.21      502.55]
  [     197.76      501.24]
  [          0           0]
  [     190.09      565.45]
  [          0           0]
  [        242      604.78]
  [     244.48      625.01]
  [     204.58      626.41]
  [          0           0]
  [     209.48      721.92]
  [          0           0]
  [     199.76      812.17]]]