[[[     563.87      372.92]
  [     576.61      362.63]
  [        559      362.28]
  [     609.01      368.22]
  [          0           0]
  [     641.95       429.5]
  [     547.05      432.25]
  [     672.46      514.76]
  [     532.67      515.21]
  [     639.56      592.78]
  [     524.92      584.62]
  [     615.97      612.33]
  [      554.5      610.62]
  [     621.13      741.69]
  [     559.68      739.86]
  [      626.1      862.43]
  [     572.31       859.1]]

 [[          0           0]
  [          0           0]
  [     316.57         364]
  [          0           0]
  [      297.7       363.4]
  [     190.56      446.15]
  [     311.52      447.94]
  [          0           0]
  [     336.13      569.02]
  [          0           0]
  [     354.48      632.28]
  [      209.5      674.23]
  [     288.41      676.41]
  [     238.04      829.08]
  [     283.69      835.94]
  [     238.85       981.9]
  [     257.29      990.46]]]