[[[     311.46      445.96]
  [     320.21      440.15]
  [     307.07      439.49]
  [     337.42      446.16]
  [          0           0]
  [     358.52      489.36]
  [     288.05      486.92]
  [     380.41      540.81]
  [     275.65      534.07]
  [     390.27      588.48]
  [      253.2      574.09]
  [     338.83      596.12]
  [     294.24      594.22]
  [     336.74      672.48]
  [     289.94      672.19]
  [     331.02      755.02]
  [     313.98      753.16]]

 [[      107.6      453.15]
  [          0           0]
  [     99.026      445.77]
  [          0           0]
  [     75.787      452.38]
  [     100.93      498.42]
  [     54.307      497.62]
  [          0           0]
  [     27.392      546.11]
  [          0           0]
  [     80.637      536.67]
  [     93.924      610.39]
  [     60.034      612.43]
  [     93.137      688.67]
  [     52.026      693.39]
  [     77.296      768.43]
  [     32.705      779.86]]

 [[          0           0]
  [          0           0]
  [          0           0]
  [          0           0]
  [     179.73       458.3]
  [     112.81      503.68]
  [      197.2      505.16]
  [          0           0]
  [     215.44      572.52]
  [          0           0]
  [          0           0]
  [     121.63      633.88]
  [      183.3      634.58]
  [     132.06      709.64]
  [     200.25      708.48]
  [      132.5       795.6]
  [      181.4      799.37]]]