[[[     846.86      287.45]
  [     872.73      279.78]
  [     840.33      270.78]
  [     913.48      310.55]
  [     828.21      289.38]
  [     959.25      405.07]
  [     774.94      395.62]
  [     981.53      525.79]
  [     738.49      521.96]
  [     882.79      594.97]
  [     797.43      604.48]
  [     929.61      684.36]
  [     800.12      682.28]
  [     943.18      907.69]
  [     794.42       907.3]
  [     959.42      1051.5]
  [     824.08      1074.2]]

 [[     234.32      79.224]
  [          0           0]
  [     210.22      34.075]
  [          0           0]
  [     77.926      18.962]
  [     113.15      244.53]
  [     22.768      226.36]
  [      240.7      546.09]
  [     174.06      520.07]
  [     295.32       338.3]
  [     275.73      311.72]
  [     155.57       834.1]
  [     70.281      841.92]
  [          0           0]
  [          0           0]
  [          0           0]
  [          0           0]]

 [[     543.85      264.86]
  [     569.37      256.02]
  [      530.1      243.97]
  [     596.96      287.96]
  [     498.23      261.12]
  [     623.13      397.33]
  [     432.35      378.07]
  [     653.14      522.62]
  [     365.62      507.58]
  [     645.69      630.62]
  [     372.16      638.42]
  [     583.48      688.19]
  [     448.06      682.37]
  [     581.62      925.43]
  [     406.82      919.49]
  [          0           0]
  [          0           0]]]