[[[     362.64      222.46]
  [     377.22      203.17]
  [     337.38      196.25]
  [          0           0]
  [     251.48      208.66]
  [     401.87      354.96]
  [     130.88      333.59]
  [     458.11      519.45]
  [      70.19       496.9]
  [     315.11      602.61]
  [     172.37       617.2]
  [     371.93      747.51]
  [     187.32       743.1]
  [     400.77      1035.4]
  [     189.89      1039.4]
  [          0           0]
  [          0           0]]

 [[     731.47      229.36]
  [     755.89      212.87]
  [      710.3      216.67]
  [     797.26      251.66]
  [     687.08      258.83]
  [     855.93      388.23]
  [     645.17      394.24]
  [     905.76      555.07]
  [     600.16      558.55]
  [     906.13      690.59]
  [     628.47      691.11]
  [     826.36       724.2]
  [     685.26      728.04]
  [     824.55      972.62]
  [     671.63      984.76]
  [          0           0]
  [          0           0]]]