[[[     1047.2      489.08]
  [     1053.4      484.87]
  [     1045.2      484.56]
  [     1068.5      487.86]
  [          0           0]
  [     1085.9      521.14]
  [     1033.4      520.33]
  [     1102.5      562.01]
  [     1023.4      559.56]
  [     1102.9      601.12]
  [     1020.5      600.01]
  [       1076      609.83]
  [       1041      609.53]
  [     1078.1      676.14]
  [     1042.3      675.94]
  [       1082      738.42]
  [     1036.1      738.76]]

 [[     942.67      480.36]
  [     948.34      475.46]
  [     937.12      475.07]
  [     956.76       479.8]
  [     927.14       478.1]
  [     966.43      513.28]
  [     912.79       509.4]
  [     972.75      554.77]
  [     896.15      548.12]
  [     973.72      589.54]
  [     895.83      589.37]
  [      954.6      602.27]
  [      918.5      600.38]
  [     955.66      671.02]
  [     908.84       670.9]
  [     947.95      732.88]
  [     896.48      734.37]]

 [[     894.87       476.8]
  [     894.48      471.15]
  [     889.11      470.65]
  [          0           0]
  [     871.06      474.85]
  [      863.7       511.8]
  [      863.8      511.03]
  [          0           0]
  [     861.48      561.84]
  [          0           0]
  [     875.55      605.11]
  [     865.07      610.17]
  [     866.64      611.54]
  [     875.94      685.32]
  [     870.63      686.38]
  [     859.32      752.93]
  [     860.36      757.72]]]