[[[     796.13       296.8]
  [     815.32      283.73]
  [     778.23      283.53]
  [     847.46      313.78]
  [     755.55      313.41]
  [     892.25      428.22]
  [      716.1      427.84]
  [     942.11      564.39]
  [     685.89      565.51]
  [     935.57      677.87]
  [     717.85      679.22]
  [     873.22      696.28]
  [     755.58      698.29]
  [     873.75      907.44]
  [     749.75       917.2]
  [     857.72      1065.4]
  [     762.04      1069.2]]

 [[     32.681      197.34]
  [     64.259      186.92]
  [     11.162      177.73]
  [     103.44      230.29]
  [          0           0]
  [     149.19      360.78]
  [          0           0]
  [     219.41      528.18]
  [          0           0]
  [     196.54      671.74]
  [          0           0]
  [      113.2      723.08]
  [          0           0]
  [          0           0]
  [          0           0]
  [          0           0]
  [          0           0]]

 [[     480.19      301.23]
  [     502.52      286.76]
  [      463.1      278.61]
  [        518      303.96]
  [     417.25      283.09]
  [     545.67      402.98]
  [     332.51      385.23]
  [     585.39      533.03]
  [     294.26      515.91]
  [     485.21      602.22]
  [     382.93      613.14]
  [     520.72      698.86]
  [     374.47      696.98]
  [     533.79      931.49]
  [     364.61       940.8]
  [          0           0]
  [          0           0]]]