[[[     1060.9       456.2]
  [     1070.4      450.44]
  [     1059.6      449.84]
  [     1093.5      456.71]
  [          0           0]
  [     1128.2      492.67]
  [     1045.8      509.98]
  [     1186.2      523.14]
  [     1032.2      571.87]
  [     1154.7      563.06]
  [       1026      624.62]
  [     1120.1      630.72]
  [     1066.7       637.4]
  [       1141       728.8]
  [     1079.1      731.99]
  [     1163.5      825.85]
  [     1093.2      826.09]]

 [[     916.36      445.65]
  [          0           0]
  [     910.52      436.34]
  [          0           0]
  [     882.28      438.81]
  [     876.67      493.25]
  [     862.26      493.73]
  [     905.31      571.09]
  [     910.77      549.28]
  [      933.2      563.59]
  [     916.23         484]
  [     883.21      639.05]
  [     872.46      642.75]
  [     883.62      748.47]
  [     874.28      756.58]
  [     871.53      855.31]
  [     861.08      865.17]]]