[[[     1079.6      457.85]
  [     1087.6      450.98]
  [     1073.5      451.01]
  [       1105      458.58]
  [          0           0]
  [     1136.8      502.56]
  [     1050.5      508.47]
  [     1170.9      526.99]
  [     1017.3      542.11]
  [       1138      475.42]
  [     1034.3      483.75]
  [     1122.3      634.53]
  [     1065.5      637.04]
  [     1139.2       732.8]
  [     1077.4      731.57]
  [       1157      825.37]
  [     1089.8      823.87]]

 [[     806.91      467.71]
  [          0           0]
  [        804      457.49]
  [          0           0]
  [     785.88      449.27]
  [     719.97         483]
  [     787.53      489.11]
  [          0           0]
  [     813.55      554.84]
  [          0           0]
  [     803.95      560.22]
  [     727.29      623.48]
  [     768.13      628.34]
  [     753.99      726.73]
  [     759.54      738.21]
  [     770.22      821.01]
  [     727.68      838.54]]

 [[      918.9      452.06]
  [          0           0]
  [      915.4      443.18]
  [          0           0]
  [     889.49      441.87]
  [     869.17      485.13]
  [     864.32      488.15]
  [          0           0]
  [     897.85      545.92]
  [          0           0]
  [     923.68      500.27]
  [     879.86      636.28]
  [     875.83      640.95]
  [     879.84      749.25]
  [     875.84      759.76]
  [     871.17      853.45]
  [     855.61      871.25]]]