[[[     638.82      326.13]
  [     659.62      316.45]
  [     626.38      306.95]
  [     683.28      341.34]
  [      603.4      320.15]
  [     711.65      433.22]
  [     543.61      415.29]
  [      736.9      541.39]
  [     491.04      522.25]
  [     693.18       529.1]
  [      578.7      540.69]
  [     687.47       674.7]
  [     570.55      670.68]
  [     698.27       848.7]
  [     534.09      852.04]
  [      675.2        1002]
  [     504.35        1026]]

 [[     962.76      354.87]
  [     982.13      344.55]
  [     954.53      339.14]
  [     1012.9       358.5]
  [      939.7      345.24]
  [     1042.2      446.19]
  [     895.63      426.83]
  [     1044.1      562.57]
  [     858.63      527.21]
  [     949.09      608.86]
  [     891.66       605.2]
  [     992.52      672.36]
  [     890.86      661.53]
  [     979.26      844.12]
  [     867.87      832.17]
  [     966.78      1004.9]
  [     850.95      998.79]]

 [[     460.94      243.74]
  [          0           0]
  [     449.74      214.47]
  [          0           0]
  [     379.85      206.16]
  [        349       349.2]
  [     312.73       347.3]
  [          0           0]
  [     330.74      547.43]
  [          0           0]
  [     503.17      580.69]
  [     383.56      767.13]
  [     356.32      777.98]
  [          0           0]
  [     375.68      1053.3]
  [          0           0]
  [          0           0]]]