[[[     1061.7      454.94]
  [     1070.5      449.43]
  [     1059.5      448.67]
  [     1093.6      456.39]
  [          0           0]
  [     1131.7      495.77]
  [       1047      509.49]
  [     1185.9      524.63]
  [     1034.7      572.82]
  [     1152.9      561.23]
  [     1027.5       624.5]
  [     1119.8      632.11]
  [     1064.7      636.11]
  [     1139.1      730.35]
  [     1078.5      730.51]
  [     1158.3      825.99]
  [     1092.5      824.41]]

 [[     917.44      445.36]
  [          0           0]
  [     911.72      436.26]
  [          0           0]
  [     883.71      439.33]
  [     872.99      491.47]
  [     864.72      494.54]
  [          0           0]
  [     910.24      550.73]
  [          0           0]
  [     913.42      481.16]
  [     878.91      638.88]
  [     871.87      643.42]
  [     882.59      749.98]
  [     873.76      758.02]
  [      872.2      856.63]
  [     860.35      865.14]]]