[[[     1025.4      430.65]
  [       1036      420.32]
  [     1014.7      421.16]
  [     1053.3      419.85]
  [     997.93      421.29]
  [     1073.7      474.37]
  [     977.04      473.54]
  [     1093.6      551.11]
  [        959      554.93]
  [     1104.5      612.76]
  [     1014.3      612.06]
  [     1053.6      635.52]
  [     986.98      634.57]
  [     1067.3      749.38]
  [     977.32      738.18]
  [       1087      856.13]
  [      981.6      836.43]]

 [[     866.58      432.62]
  [     871.99      424.08]
  [     855.53      423.41]
  [          0           0]
  [     830.66      428.06]
  [     856.89      478.37]
  [     827.88      481.48]
  [     877.38      537.64]
  [     860.46      550.71]
  [     901.16      554.99]
  [     894.26      576.23]
  [     858.61      626.67]
  [     839.34      630.36]
  [     849.76      743.96]
  [      848.1      750.52]
  [     845.89      852.85]
  [     835.52      861.59]]

 [[       1122      447.65]
  [     1130.8      440.72]
  [     1114.9       440.6]
  [     1146.8      447.79]
  [          0           0]
  [     1168.7      495.82]
  [     1087.1      494.66]
  [     1189.5      547.96]
  [          0           0]
  [     1166.3      572.69]
  [          0           0]
  [     1153.2      621.45]
  [     1098.2      620.25]
  [     1156.6      717.73]
  [     1095.2      713.96]
  [     1166.5         814]
  [     1097.9      804.13]]]