[[[     510.89       389.5]
  [     523.98      378.07]
  [      498.6       374.2]
  [          0           0]
  [     468.17      369.43]
  [     544.25      452.75]
  [     418.43      443.55]
  [     568.82      542.94]
  [     383.29      535.64]
  [     574.35      624.76]
  [     367.47      627.09]
  [     512.15      657.38]
  [     429.21      655.47]
  [     508.79      799.85]
  [      411.1      808.94]
  [     489.42      934.69]
  [      403.2      952.88]]

 [[     710.82       408.4]
  [     724.18      398.89]
  [     701.08      394.38]
  [     736.39      406.67]
  [     676.55      395.12]
  [     749.83      469.12]
  [     635.37      462.22]
  [     774.38      541.49]
  [     616.81      541.24]
  [     723.93       588.1]
  [     662.41      595.11]
  [     738.73      645.13]
  [     660.86      644.14]
  [     738.53      778.71]
  [     655.92      779.39]
  [     743.19      910.39]
  [     659.29      913.47]]

 [[        914      401.67]
  [     924.55      391.88]
  [     902.02      393.13]
  [     942.18      403.24]
  [     885.21      405.62]
  [     970.24      473.95]
  [     860.28      476.52]
  [     994.85      555.87]
  [     839.64      559.73]
  [     996.16      631.21]
  [     860.63      632.71]
  [     957.48      648.33]
  [     884.97      650.43]
  [     953.55      776.46]
  [      886.4       778.4]
  [     958.82      893.61]
  [     885.75      893.77]]]