[[[     1313.9      458.46]
  [     1320.3      452.88]
  [     1307.5      452.87]
  [     1332.1      459.27]
  [     1296.8      459.01]
  [     1353.3      500.31]
  [     1278.2      500.96]
  [       1371      546.75]
  [     1266.4      549.76]
  [     1339.9      588.49]
  [     1291.4      590.72]
  [     1341.1      614.07]
  [     1288.5      613.85]
  [     1352.6      698.16]
  [     1280.7      695.59]
  [     1363.2      782.25]
  [     1277.1      777.52]]

 [[     1389.9      449.91]
  [     1396.8      443.76]
  [          0           0]
  [     1422.9      448.27]
  [          0           0]
  [     1453.5      486.98]
  [     1422.9      489.56]
  [     1498.5      533.34]
  [          0           0]
  [     1485.1      582.17]
  [          0           0]
  [     1447.4      622.85]
  [     1427.7      621.52]
  [     1460.6      727.73]
  [     1442.1      721.06]
  [     1479.3      831.06]
  [     1459.7      813.76]]

 [[     1172.7      460.82]
  [          0           0]
  [       1164       454.6]
  [          0           0]
  [     1140.7      461.76]
  [     1152.9      506.15]
  [     1130.4       507.9]
  [          0           0]
  [     1120.8      566.54]
  [          0           0]
  [     1149.9      614.36]
  [     1152.9      624.49]
  [     1138.8      627.05]
  [       1147      710.67]
  [     1138.1      715.45]
  [     1141.8      790.39]
  [     1123.7      800.14]]]