[[[     1057.5      458.62]
  [     1066.4       452.8]
  [     1056.3       452.6]
  [     1090.1      458.28]
  [          0           0]
  [     1127.6      493.52]
  [     1045.4      511.35]
  [     1185.5      522.74]
  [     1035.1      571.48]
  [     1156.6      563.79]
  [     1028.9      624.12]
  [     1121.4      630.66]
  [       1068      637.42]
  [     1141.5       728.4]
  [     1079.6      731.66]
  [     1162.2      826.65]
  [     1093.6      826.92]]

 [[     917.24         444]
  [          0           0]
  [     910.79      434.94]
  [          0           0]
  [     883.11      438.69]
  [     866.63      490.65]
  [     862.72      492.17]
  [     874.74      559.55]
  [     864.17      559.61]
  [     922.14      565.77]
  [     924.43      548.04]
  [     870.57      640.37]
  [      868.1      645.76]
  [     874.17      751.53]
  [     869.47      760.71]
  [     867.28      856.82]
  [     851.37       871.6]]]