[[[     493.38      387.06]
  [     507.72      375.51]
  [     481.26      371.38]
  [          0           0]
  [     452.57      366.41]
  [     534.58       453.8]
  [     402.75      441.54]
  [     558.65      551.15]
  [     359.53      533.94]
  [     561.17      635.73]
  [     333.13      633.96]
  [     494.37      666.05]
  [     407.62      661.67]
  [     483.89      811.89]
  [     380.93      819.36]
  [     459.33      950.49]
  [     365.39         968]]

 [[     904.42         401]
  [     916.11      390.76]
  [     891.95      392.04]
  [     935.67      403.55]
  [     874.77      406.27]
  [     963.63      476.55]
  [     849.85      480.13]
  [     990.77      561.35]
  [     829.74      566.18]
  [     992.72      640.45]
  [     847.72      639.83]
  [     949.49      651.87]
  [     874.07       654.4]
  [     946.09      785.18]
  [     876.79      788.97]
  [     952.23      903.65]
  [     869.38      908.48]]

 [[     695.56      406.91]
  [     710.03      398.22]
  [     685.61      392.63]
  [     723.42      408.16]
  [     659.88      393.55]
  [     738.16      471.62]
  [     613.66      460.28]
  [     763.78         545]
  [     599.13      538.63]
  [     700.54      592.82]
  [     645.11      601.51]
  [     722.68      652.32]
  [     638.77      650.06]
  [     721.77      793.83]
  [     640.59      795.09]
  [     722.81      927.84]
  [     648.55      932.25]]]