[[[     1064.6      457.22]
  [     1073.6       451.2]
  [     1062.2      450.69]
  [     1095.8      456.62]
  [          0           0]
  [     1128.5      494.52]
  [     1048.4      506.39]
  [     1174.5      532.41]
  [     1035.7      566.86]
  [     1139.2      553.97]
  [     1026.5      619.51]
  [     1120.7      630.64]
  [       1068      635.27]
  [     1141.5      727.07]
  [     1079.2      728.76]
  [     1161.1       823.8]
  [       1093      825.81]]

 [[     921.73      449.75]
  [          0           0]
  [      916.8      439.43]
  [          0           0]
  [     890.48      439.22]
  [     868.75      493.84]
  [     870.17      492.91]
  [          0           0]
  [     906.81      544.88]
  [          0           0]
  [     914.55      483.15]
  [     872.62      636.42]
  [     872.38      640.36]
  [     878.34       748.5]
  [     874.22      757.64]
  [     876.19         854]
  [     857.63      868.35]]]