[[[       1046      471.27]
  [     1053.4      465.99]
  [     1043.7      465.35]
  [     1071.4      469.94]
  [          0           0]
  [     1096.8      510.04]
  [     1026.2      509.83]
  [     1111.6      561.76]
  [     1013.6      559.47]
  [     1079.4       585.2]
  [     1036.6      585.57]
  [     1085.9      622.78]
  [     1035.8      622.26]
  [     1091.6      706.93]
  [     1026.2         704]
  [     1104.1       785.5]
  [     1021.2      784.29]]

 [[     1131.5       458.9]
  [     1138.3      452.59]
  [          0           0]
  [     1159.7      458.08]
  [          0           0]
  [     1182.7      499.12]
  [     1160.1      500.75]
  [     1225.3      550.96]
  [          0           0]
  [       1208      599.79]
  [          0           0]
  [     1168.9      627.92]
  [     1152.8      625.75]
  [     1187.6      728.34]
  [     1169.6      722.22]
  [       1207      827.18]
  [     1182.6      811.73]]

 [[     921.92      477.24]
  [        922       470.1]
  [     915.48      469.65]
  [          0           0]
  [     891.69      471.48]
  [     904.18      513.51]
  [     871.58      515.82]
  [     918.19         574]
  [     892.17      574.79]
  [     929.46      612.94]
  [     932.74      584.99]
  [     905.79      632.89]
  [     883.46      635.87]
  [      900.9      721.03]
  [     882.74      726.86]
  [     889.96       805.7]
  [      870.1      812.37]]]