[[[     1013.7      486.86]
  [     1019.2      481.91]
  [       1012      482.49]
  [     1035.9      484.12]
  [          0           0]
  [     1061.1       515.4]
  [     1006.6       519.6]
  [     1079.2       554.4]
  [     996.83      560.43]
  [     1078.7      593.12]
  [     993.65      600.04]
  [     1055.9      605.43]
  [     1019.1      607.15]
  [     1066.2      671.48]
  [     1019.9      672.33]
  [     1076.6      737.02]
  [     1021.5      737.78]]

 [[     937.07         484]
  [     942.54      478.85]
  [     931.72      478.02]
  [     948.95       481.4]
  [     920.23      478.51]
  [     957.99       514.8]
  [     902.35       511.3]
  [      964.5      556.42]
  [     886.25      551.48]
  [      963.4      596.05]
  [     885.94      586.29]
  [      948.1      602.95]
  [     911.24      601.82]
  [      949.4       668.1]
  [     905.14      668.79]
  [     945.94      730.55]
  [     901.21      731.28]]

 [[     901.86      479.12]
  [          0           0]
  [     898.21       473.1]
  [          0           0]
  [     882.44      475.11]
  [     872.38       508.1]
  [     860.87      508.43]
  [          0           0]
  [     840.96      555.59]
  [          0           0]
  [     833.55      591.98]
  [     867.19      607.06]
  [     861.06      607.83]
  [     868.29      684.45]
  [     862.61      684.87]
  [     858.52      755.43]
  [     856.82      759.16]]]