[[[     1037.7      487.32]
  [       1044      482.84]
  [     1036.6      482.84]
  [     1060.8      486.15]
  [          0           0]
  [     1081.5      518.71]
  [     1026.2      518.12]
  [     1096.8      562.62]
  [     1013.8      557.69]
  [     1098.9      604.26]
  [     1008.4       598.7]
  [     1069.4      607.01]
  [     1032.7      606.13]
  [     1076.1      673.66]
  [     1031.9      672.01]
  [     1078.8      736.12]
  [     1032.9      735.33]]

 [[     947.92      479.89]
  [     953.53       475.7]
  [     943.08      474.85]
  [     960.36      479.99]
  [     931.95      476.93]
  [     970.26      514.64]
  [     909.89       508.6]
  [     978.05      555.21]
  [     892.87      544.47]
  [     975.57       586.2]
  [     890.13      585.29]
  [     958.55      604.48]
  [     918.34      601.94]
  [      955.8      672.58]
  [     909.95      670.86]
  [     947.26      736.36]
  [     900.66      735.23]]

 [[      903.3      481.13]
  [          0           0]
  [     900.08      475.72]
  [          0           0]
  [     886.12      477.07]
  [     878.56      510.98]
  [     866.21      510.25]
  [          0           0]
  [     855.39       558.5]
  [          0           0]
  [     850.98      609.49]
  [     876.06      609.39]
  [      869.7      609.71]
  [     874.13      685.46]
  [     868.56       684.5]
  [     860.76      754.72]
  [     861.39      756.07]]]