[[[     994.86      484.01]
  [       1000      479.06]
  [     993.63      479.44]
  [     1017.6      481.52]
  [          0           0]
  [     1045.8       512.5]
  [      988.7      516.95]
  [     1068.2      547.61]
  [     971.93      557.99]
  [     1036.8      540.71]
  [     995.74      560.38]
  [     1031.6      609.35]
  [     993.21      610.04]
  [     1035.6      681.53]
  [     993.04       681.5]
  [     1042.8      748.43]
  [     989.53      749.61]]

 [[     903.76      481.91]
  [     909.84      476.72]
  [     898.49      475.73]
  [     917.56      480.12]
  [     887.38      476.85]
  [     926.83      515.49]
  [     868.74      510.05]
  [     935.84      558.51]
  [     852.47      551.58]
  [     935.12      596.72]
  [     853.15      596.56]
  [      913.3       608.9]
  [     874.32      605.74]
  [     910.49      679.67]
  [     862.79      676.26]
  [     902.02      745.48]
  [      848.5      742.04]]

 [[     857.03       474.8]
  [          0           0]
  [     853.64      468.67]
  [          0           0]
  [     838.31      470.94]
  [      821.9       509.3]
  [     823.87       508.6]
  [          0           0]
  [     827.74      560.24]
  [          0           0]
  [     839.39         610]
  [     820.82      613.24]
  [     823.46      613.95]
  [     825.44      692.32]
  [     826.71      691.54]
  [     810.55      767.73]
  [     814.62      769.66]]]