[[[     742.09      453.93]
  [     744.66      443.93]
  [     730.04      445.73]
  [          0           0]
  [     703.56      450.15]
  [     760.65      502.56]
  [     673.28      492.43]
  [     780.91      565.08]
  [      608.7      505.56]
  [     766.52      613.62]
  [     605.98      472.09]
  [     743.52       649.1]
  [     688.26      645.71]
  [     736.26      750.46]
  [     682.34      748.26]
  [     743.69      846.36]
  [     689.06      843.79]]

 [[     1016.5       365.8]
  [     1027.6      355.01]
  [     1014.2      355.12]
  [     1064.2      356.95]
  [          0           0]
  [     1111.5      419.54]
  [     1013.5      424.05]
  [     1128.9      502.33]
  [     995.64      508.78]
  [     1055.2      569.06]
  [     1005.1      566.39]
  [     1093.2      606.22]
  [       1027      605.54]
  [     1105.8      745.67]
  [     1040.3      740.18]
  [     1118.3      880.95]
  [     1048.6      873.73]]

 [[     857.04      409.78]
  [      866.9      400.95]
  [     849.64      402.79]
  [     890.47      408.87]
  [          0           0]
  [     924.81      466.51]
  [     837.26      478.18]
  [     961.15      530.39]
  [     827.06      553.65]
  [     950.49      596.85]
  [     813.21      617.43]
  [     907.38      625.09]
  [     849.96      627.48]
  [     910.84      739.55]
  [     851.65      737.76]
  [     923.32      853.61]
  [     859.36      847.73]]]