[[[     776.25      456.27]
  [     781.16      450.23]
  [     769.39      449.26]
  [          0           0]
  [     752.67      449.82]
  [     793.59      489.63]
  [     725.19      486.56]
  [     806.18      536.46]
  [     705.09       534.4]
  [     802.99      572.65]
  [     741.21      560.88]
  [     783.07      592.34]
  [     738.13      592.63]
  [      782.4      671.09]
  [     735.88      672.93]
  [     775.28      748.77]
  [     731.16      751.45]]

 [[      881.1      468.96]
  [     886.38      461.83]
  [          0           0]
  [     902.69      465.27]
  [          0           0]
  [     906.42      508.31]
  [     928.81      504.66]
  [     893.94      567.74]
  [          0           0]
  [     882.09      612.08]
  [          0           0]
  [     905.95      618.31]
  [     920.67      615.09]
  [     903.82      697.66]
  [     911.77      694.42]
  [     918.12      775.33]
  [     918.87      767.55]]

 [[     864.35      468.12]
  [      870.7         462]
  [     859.27      462.52]
  [     882.44         465]
  [     851.25      466.44]
  [     893.23       504.1]
  [     839.24      503.89]
  [     898.13      549.76]
  [     825.98      546.03]
  [      884.7      585.21]
  [     830.21      581.25]
  [     877.84      599.73]
  [     841.78      599.09]
  [     882.86      672.73]
  [     845.39      670.79]
  [      886.5      742.93]
  [     842.28      743.31]]]