[[[     1268.4      181.05]
  [     1283.6      166.36]
  [       1246      161.37]
  [     1292.1      192.09]
  [     1192.6       180.9]
  [     1319.6      306.14]
  [     1110.4      294.59]
  [     1359.8      463.36]
  [     1051.9      445.27]
  [     1356.4      590.04]
  [     1188.7      475.91]
  [     1289.7      622.96]
  [     1152.6      623.69]
  [     1284.8      864.72]
  [     1148.5      864.55]
  [     1246.2      1059.1]
  [     1155.7        1064]]

 [[     1630.2      197.18]
  [     1643.1      175.49]
  [     1598.6      186.46]
  [     1666.3      199.43]
  [     1555.6       227.7]
  [     1749.2      311.04]
  [     1514.3      344.82]
  [     1867.7      400.53]
  [     1466.2      495.52]
  [     1787.2      461.68]
  [     1463.3      621.04]
  [     1710.5      670.49]
  [     1555.6      676.05]
  [     1709.4      924.26]
  [     1522.8      929.37]
  [          0           0]
  [          0           0]]]