[[[     1167.8      11.491]
  [     1202.6           0]
  [          0           0]
  [     1295.2      3.3387]
  [          0           0]
  [     1409.1      158.99]
  [     1140.8      190.91]
  [     1518.7      381.64]
  [     1112.8      402.38]
  [       1278       488.8]
  [     1086.6      469.23]
  [       1339      666.56]
  [     1153.6      667.16]
  [     1348.4      1015.7]
  [     1179.9      1019.4]
  [          0           0]
  [          0           0]]

 [[     634.41      176.35]
  [     659.01      158.54]
  [      609.7      158.83]
  [     693.04      195.63]
  [     574.74      195.32]
  [     744.77      339.99]
  [      516.6      330.69]
  [      744.1      504.75]
  [     448.22      493.24]
  [     686.91      590.26]
  [     545.54      593.65]
  [     704.84      704.47]
  [     541.58      702.98]
  [     675.15      974.23]
  [     497.73      979.92]
  [          0           0]
  [          0           0]]

 [[          0           0]
  [          0           0]
  [          0           0]
  [          0           0]
  [          0           0]
  [          0           0]
  [          0           0]
  [          0           0]
  [     31.457      466.94]
  [          0           0]
  [     217.23      864.45]
  [          0           0]
  [     96.389      932.19]
  [          0           0]
  [          0           0]
  [          0           0]
  [          0           0]]]