[[[     805.12      443.76]
  [     810.49      438.18]
  [     799.47      436.89]
  [          0           0]
  [     784.65       437.7]
  [     818.86      474.33]
  [     759.76      471.53]
  [     829.86      517.76]
  [     738.13      515.65]
  [     823.56      548.29]
  [     777.71       543.8]
  [     808.13      570.16]
  [     769.12      570.15]
  [     805.39      643.73]
  [     768.82      644.24]
  [      807.1      717.47]
  [     766.85      717.55]]

 [[     921.11      451.23]
  [     927.63      445.84]
  [     916.34       446.4]
  [     941.99      451.85]
  [          0           0]
  [     956.79       490.3]
  [     911.33      492.65]
  [      965.9      540.02]
  [     896.24      542.84]
  [     951.22      581.22]
  [     887.48      584.03]
  [     940.99      590.57]
  [     912.66      590.12]
  [     942.08      669.25]
  [     921.39      666.75]
  [      950.6      739.27]
  [     929.71      735.34]]

 [[     891.41      462.42]
  [     895.54      457.44]
  [     886.46      457.92]
  [          0           0]
  [      878.2      461.58]
  [     908.35      490.75]
  [     869.45      491.17]
  [     906.03      536.04]
  [     860.37      534.03]
  [      891.7      572.74]
  [     860.78      572.89]
  [     896.58      573.41]
  [     871.84         573]
  [     895.91       642.2]
  [     876.73      641.81]
  [     884.96      706.67]
  [     872.44      706.64]]]