[[[     370.31      489.17]
  [     376.03      483.01]
  [      366.5      483.36]
  [     391.19      477.35]
  [          0           0]
  [     415.15      499.72]
  [      351.3      502.71]
  [     435.75      545.68]
  [     330.06      538.21]
  [     416.52      579.25]
  [     352.33      521.67]
  [     399.55      594.12]
  [     357.43      595.38]
  [     403.13      665.59]
  [     359.35      668.03]
  [     409.48      735.11]
  [     356.01      738.62]]

 [[     682.67      488.79]
  [     687.67      482.76]
  [     679.33      483.74]
  [     702.94      481.84]
  [          0           0]
  [     726.72      509.31]
  [     676.44      515.93]
  [     745.84      546.71]
  [     659.45       548.2]
  [     730.75      579.37]
  [     675.34      534.17]
  [     721.19      599.52]
  [     689.02      602.23]
  [     727.73         664]
  [      696.1      665.23]
  [     736.97       728.1]
  [     706.53      727.08]]]