[[[     918.46      399.48]
  [     925.77       390.8]
  [     908.19      389.37]
  [          0           0]
  [     883.94      391.65]
  [     942.59       450.4]
  [     848.38      444.53]
  [     964.56      524.24]
  [     815.97      515.38]
  [     959.77      578.85]
  [     870.11      555.26]
  [     926.56      600.38]
  [     864.43      599.29]
  [     917.11      719.14]
  [     857.53      718.83]
  [     913.71      833.18]
  [     849.89      832.66]]

 [[     1040.2      421.98]
  [     1046.5      412.52]
  [     1028.9      415.54]
  [     1059.2      416.33]
  [     1012.8      424.37]
  [     1090.4      468.79]
  [      997.4       478.3]
  [     1106.1      527.39]
  [     982.24      537.98]
  [     1070.3      540.14]
  [     1017.5      537.59]
  [     1082.2      621.68]
  [     1018.4      626.53]
  [     1104.8      732.94]
  [     1029.5      733.42]
  [     1118.3      837.78]
  [     1040.7      837.99]]

 [[     1107.5      407.61]
  [     1112.5      396.46]
  [          0           0]
  [     1137.6      396.83]
  [          0           0]
  [       1156      452.75]
  [     1148.3      459.73]
  [     1095.5      460.31]
  [          0           0]
  [     1097.9      418.31]
  [          0           0]
  [     1152.2      644.57]
  [     1145.1      644.86]
  [     1154.4      788.91]
  [     1147.3      781.73]
  [       1179      920.89]
  [     1162.9      910.14]]]