[[[     342.67      322.94]
  [          0           0]
  [     338.17      302.39]
  [          0           0]
  [        307      313.66]
  [     184.21      418.25]
  [     301.04      419.61]
  [     203.26      523.92]
  [     338.25       573.2]
  [          0           0]
  [     387.94      673.65]
  [     196.13      724.32]
  [      274.5      727.87]
  [     195.64      953.93]
  [     283.61      965.38]
  [          0           0]
  [     246.16        1080]]

 [[     696.18      332.08]
  [     712.39      322.14]
  [     691.65      319.27]
  [     748.44      333.94]
  [          0           0]
  [     785.79      410.97]
  [     677.26      408.07]
  [      816.9      514.86]
  [     665.36      514.18]
  [     745.23      599.48]
  [     650.42      600.56]
  [     748.42      629.84]
  [     677.27      624.93]
  [     752.93      798.31]
  [     685.01      787.12]
  [     763.97      962.29]
  [     703.55      947.82]]]