[[[      318.2      477.47]
  [     321.71      468.79]
  [     314.02      471.52]
  [     341.02      457.36]
  [          0           0]
  [     375.56      483.88]
  [     334.68      496.42]
  [     406.55      528.68]
  [     336.75      547.55]
  [     397.97      581.31]
  [     321.72      581.58]
  [     368.55      591.28]
  [     344.44       595.2]
  [     366.24      663.67]
  [        355      667.85]
  [     382.19      736.29]
  [     373.95      740.64]]

 [[          0           0]
  [          0           0]
  [          0           0]
  [          0           0]
  [     180.35      454.31]
  [     119.96      499.81]
  [      197.5      502.09]
  [          0           0]
  [     220.88      564.39]
  [          0           0]
  [     196.95      576.44]
  [     125.62      627.63]
  [     178.41      629.26]
  [     129.75      720.77]
  [     171.23      721.74]
  [     123.42      801.63]
  [     156.97      808.09]]

 [[     133.01         467]
  [     132.34      459.97]
  [     125.17      461.11]
  [          0           0]
  [     100.49      461.54]
  [      121.1      495.59]
  [     71.268      495.69]
  [          0           0]
  [     36.913      547.44]
  [          0           0]
  [     76.008      588.18]
  [     115.42       608.4]
  [     83.562      610.52]
  [     114.58      689.54]
  [      80.66      691.14]
  [     98.371      770.85]
  [       73.3       774.3]]]