[[[     528.86      352.62]
  [     542.68      343.59]
  [     524.49      341.87]
  [     575.36      352.56]
  [          0           0]
  [      609.3      415.48]
  [     517.18      415.11]
  [     638.08      502.75]
  [     507.94      500.95]
  [     598.98      588.57]
  [     494.96       580.4]
  [     582.04      603.29]
  [     520.55      600.54]
  [     596.34      743.27]
  [     534.07       737.4]
  [      606.4      880.51]
  [     551.67      870.31]]

 [[          0           0]
  [          0           0]
  [          0           0]
  [          0           0]
  [     228.68      346.03]
  [     121.24      425.61]
  [     228.94      438.68]
  [          0           0]
  [     270.79      560.49]
  [          0           0]
  [     288.96      620.15]
  [      136.8      676.77]
  [     213.44      686.38]
  [     152.56      850.56]
  [     235.08      861.79]
  [     149.28      1023.6]
  [     224.17      1043.7]]]