[[[     245.16      413.13]
  [     257.35      400.71]
  [     233.12      401.26]
  [     282.23         398]
  [     217.53      399.35]
  [     315.53      463.57]
  [     193.58      457.27]
  [     334.27      551.23]
  [     127.46      497.94]
  [     341.93      620.73]
  [     90.402      526.21]
  [     284.58      653.45]
  [     207.31      654.27]
  [     274.87      780.37]
  [     207.21      799.17]
  [      263.8      897.68]
  [     199.86      936.83]]

 [[     633.02      402.12]
  [     643.52      392.64]
  [     626.05      392.71]
  [     664.96      394.39]
  [          0           0]
  [     697.46      452.32]
  [     609.18       455.5]
  [     724.35      510.98]
  [     589.65      521.51]
  [     717.47      568.66]
  [     545.36      575.97]
  [     670.81      610.81]
  [     619.55      607.61]
  [     658.05      725.26]
  [     639.92      708.54]
  [     655.28      828.76]
  [     693.57      800.43]]]