[[[     603.25       469.3]
  [     608.14       464.2]
  [     596.67      463.64]
  [          0           0]
  [     582.48      466.62]
  [     621.65      502.71]
  [     560.46         501]
  [     636.31      538.69]
  [     539.19      540.18]
  [     620.45      553.27]
  [     579.13      553.89]
  [     607.98       591.1]
  [     569.47       591.9]
  [     605.12      661.13]
  [     572.72      662.78]
  [     599.99      728.21]
  [     575.63      731.33]]

 [[     696.78      484.91]
  [     701.93      480.13]
  [     692.09      480.16]
  [     709.91         483]
  [     684.25      483.23]
  [     719.97      512.88]
  [     674.05      513.29]
  [     723.23      554.04]
  [     664.11      554.89]
  [     709.74      582.71]
  [     665.71      589.84]
  [     710.41      593.67]
  [     680.73      593.44]
  [     714.74      659.48]
  [     681.29      659.36]
  [      713.8      722.96]
  [     680.98      722.79]]

 [[     719.82      485.94]
  [      724.3      480.41]
  [          0           0]
  [     735.01      484.48]
  [          0           0]
  [     739.25      519.93]
  [     748.26       519.3]
  [     733.11      566.32]
  [          0           0]
  [     719.43      603.76]
  [          0           0]
  [     735.19      611.59]
  [     741.64         610]
  [     733.66      680.84]
  [     734.44       679.2]
  [      741.5      748.09]
  [     737.58      742.42]]]