[[[     313.63      446.63]
  [     321.88      440.39]
  [     309.98      439.94]
  [     340.23      443.09]
  [          0           0]
  [     363.33      481.05]
  [     293.57      481.76]
  [     387.97      531.36]
  [     276.69      532.42]
  [      362.1      573.92]
  [     274.28      574.29]
  [     342.77      589.76]
  [     298.29      588.73]
  [     342.82      666.11]
  [     303.57      663.28]
  [     351.56      746.77]
  [     312.72       742.3]]

 [[          0           0]
  [          0           0]
  [          0           0]
  [          0           0]
  [     184.95      453.05]
  [     117.69      504.25]
  [     207.77      499.66]
  [         98      567.49]
  [     235.41      562.75]
  [          0           0]
  [     232.15      611.98]
  [     131.12      633.64]
  [     192.62      632.81]
  [     138.92      705.87]
  [      205.3      701.91]
  [     137.12      796.57]
  [     192.67      794.65]]

 [[     112.82      453.64]
  [     112.73      447.44]
  [     104.05      448.45]
  [          0           0]
  [      80.88         455]
  [     105.89      496.16]
  [     61.853      494.38]
  [          0           0]
  [     47.098      547.14]
  [     120.74      574.99]
  [     91.798      579.05]
  [     97.184      611.56]
  [     67.734      612.02]
  [     106.06       691.8]
  [         68      691.76]
  [     90.544      775.57]
  [     53.209      776.67]]]