[[[     901.58      362.96]
  [        910       353.7]
  [     890.27      351.14]
  [          0           0]
  [     861.76      353.97]
  [      926.8       424.9]
  [     817.89      417.44]
  [      951.7      506.69]
  [     784.54       500.6]
  [      936.7      566.46]
  [     854.84      546.46]
  [     910.08      598.44]
  [     838.66      597.99]
  [     903.91      733.46]
  [      833.9      734.67]
  [      893.9      864.59]
  [      827.3      866.02]]

 [[       1052      390.37]
  [     1058.3      379.41]
  [     1038.3      383.61]
  [     1070.4      386.37]
  [     1018.7      397.02]
  [     1104.5      452.99]
  [     997.45      461.19]
  [     1128.5      528.96]
  [     982.95      535.33]
  [       1098      592.49]
  [     1030.2      594.82]
  [     1092.6      620.12]
  [     1020.7      624.45]
  [     1112.1      744.97]
  [     1032.2      743.94]
  [     1123.3      869.12]
  [     1047.8      867.17]]

 [[     1138.9      360.39]
  [     1143.4      348.98]
  [          0           0]
  [       1164      356.51]
  [          0           0]
  [     1188.6       440.8]
  [     1211.8      431.33]
  [     1177.5      553.49]
  [          0           0]
  [     1126.8      603.16]
  [          0           0]
  [     1183.4      658.94]
  [     1198.7      650.72]
  [     1191.5      824.39]
  [     1180.4      808.66]
  [     1214.4      978.38]
  [     1181.3       954.9]]]