[[[          0           0]
  [          0           0]
  [          0           0]
  [          0           0]
  [          0           0]
  [          0           0]
  [     1564.5      95.309]
  [          0           0]
  [     1504.9      354.38]
  [          0           0]
  [     1476.8      467.59]
  [     1844.6       689.4]
  [     1590.3      686.98]
  [          0           0]
  [          0           0]
  [          0           0]
  [          0           0]]

 [[     989.18      147.02]
  [     1005.1      127.33]
  [     958.56      130.73]
  [     1022.1      158.31]
  [     902.97      166.58]
  [     1064.8      310.01]
  [     843.12      304.01]
  [     1064.4      482.94]
  [     775.46      474.08]
  [     1009.9      572.55]
  [     873.88      584.43]
  [     1022.7       698.7]
  [     869.02       696.5]
  [     992.82      978.87]
  [     829.19      978.06]
  [          0           0]
  [          0           0]]

 [[          0           0]
  [          0           0]
  [          0           0]
  [          0           0]
  [          0           0]
  [          0           0]
  [     369.27      35.306]
  [          0           0]
  [     337.32       485.4]
  [          0           0]
  [     597.74      892.26]
  [     406.58      966.37]
  [     355.92       988.5]
  [          0           0]
  [          0           0]
  [          0           0]
  [          0           0]]]