[[[      382.4      397.92]
  [     395.05      389.67]
  [     377.47      388.63]
  [      423.7      397.14]
  [          0           0]
  [     454.92      452.78]
  [     361.89      455.81]
  [     481.84      524.15]
  [      347.5      528.98]
  [     454.59      596.84]
  [     341.14      591.99]
  [     432.01       616.5]
  [     370.05      616.18]
  [     445.23      737.35]
  [     375.81      734.78]
  [      450.3      852.38]
  [     381.84      848.93]]

 [[          0           0]
  [          0           0]
  [          0           0]
  [          0           0]
  [     152.06      396.88]
  [     37.394       468.5]
  [     165.66      469.55]
  [          0           0]
  [     187.78      585.86]
  [          0           0]
  [     189.33      641.35]
  [     50.681      685.55]
  [     137.28      688.63]
  [     87.729      814.48]
  [     154.17      812.03]
  [     100.95      968.42]
  [     129.31      967.86]]]