[[[     1031.5      305.65]
  [     1039.7       294.9]
  [     1017.5      292.74]
  [          0           0]
  [     981.47      299.08]
  [     1059.7      385.92]
  [      925.7      379.48]
  [     1089.3      486.07]
  [      883.8      472.52]
  [     1089.4      572.06]
  [      967.8      497.07]
  [     1040.6      593.04]
  [     952.79      595.58]
  [     1035.7      754.21]
  [     946.45       760.5]
  [     1034.3      915.17]
  [     943.45      920.08]]

 [[     1248.8      329.96]
  [     1263.4      320.36]
  [     1238.4      319.01]
  [     1286.2      337.78]
  [       1222      334.46]
  [     1312.6      419.21]
  [     1188.5      413.75]
  [     1334.3      515.08]
  [     1168.8      505.11]
  [     1283.3      583.84]
  [     1205.4      584.13]
  [     1283.6      616.49]
  [     1201.1      613.67]
  [     1280.4      771.92]
  [     1206.4      766.64]
  [     1279.8      922.79]
  [     1209.1      917.89]]

 [[     1328.6      286.24]
  [     1331.2      268.32]
  [          0           0]
  [       1364      273.76]
  [          0           0]
  [     1419.5       375.4]
  [     1412.6      372.15]
  [     1412.7      525.72]
  [          0           0]
  [     1359.1      661.69]
  [     1328.7      642.36]
  [     1426.2      676.55]
  [     1415.5      669.44]
  [     1430.6      895.14]
  [     1395.5      890.77]
  [     1458.6      1078.1]
  [     1402.7      1057.9]]]