[[[          0           0]
  [          0           0]
  [          0           0]
  [          0           0]
  [          0           0]
  [     1640.8      101.79]
  [     1303.4      143.35]
  [     1735.3      351.87]
  [     1245.2      388.52]
  [     1506.3      546.82]
  [     1313.8      524.38]
  [     1576.5      642.26]
  [     1350.3      649.03]
  [     1577.4      1015.7]
  [     1364.2      1025.1]
  [          0           0]
  [          0           0]]

 [[     909.71      143.73]
  [     934.93      119.58]
  [     902.99       126.3]
  [     1008.3      140.58]
  [          0           0]
  [     1101.8      277.79]
  [     894.12      307.06]
  [     1203.2      430.54]
  [     869.74      484.91]
  [     1164.7      599.99]
  [     843.18      630.25]
  [     1054.2      658.81]
  [     915.37      664.54]
  [     1078.2      931.67]
  [     912.99      935.87]
  [     1097.8      1073.6]
  [          0           0]]

 [[     669.42      230.61]
  [     697.27      215.69]
  [     658.29      212.19]
  [     744.27      245.17]
  [     643.79      234.88]
  [     779.65      369.44]
  [     602.44      358.97]
  [     808.91      544.07]
  [     576.96      494.46]
  [     745.06       652.9]
  [     546.98      494.89]
  [     712.21      677.57]
  [     591.13      668.84]
  [     724.68      912.07]
  [     574.02      902.47]
  [     718.57      1070.2]
  [     609.56      1062.8]]]