[[[     1036.9      260.98]
  [     1048.9      247.58]
  [     1018.9       244.1]
  [          0           0]
  [     975.45      252.65]
  [     1071.4      354.31]
  [     905.43      342.11]
  [       1104      486.49]
  [      856.2      459.17]
  [     1099.5      597.35]
  [     972.63      490.47]
  [     1047.5      616.21]
  [     935.78       615.3]
  [     1051.7       809.6]
  [      922.1      813.53]
  [     1038.6      997.95]
  [     916.84      1015.1]]

 [[     1295.1      291.94]
  [     1310.7      279.14]
  [     1276.3       276.8]
  [     1329.6      296.36]
  [     1245.2       293.1]
  [     1367.6      381.33]
  [     1203.7      394.22]
  [     1450.2      440.25]
  [     1171.2      518.02]
  [     1414.4      503.21]
  [     1187.4      617.65]
  [     1337.9      644.38]
  [     1232.8      644.77]
  [     1328.1      836.83]
  [     1215.3      827.45]
  [     1317.1      1003.6]
  [     1224.4      1007.6]]

 [[     1459.4      220.05]
  [     1460.6      193.98]
  [          0           0]
  [     1515.3      188.71]
  [          0           0]
  [     1588.3      324.85]
  [     1582.2      313.27]
  [     1585.5      535.52]
  [          0           0]
  [     1515.6      736.52]
  [          0           0]
  [       1587      745.84]
  [     1588.1       730.6]
  [     1553.3        1027]
  [          0           0]
  [          0           0]
  [          0           0]]]