[[[     606.19      471.36]
  [      610.9      466.18]
  [     599.56       465.5]
  [          0           0]
  [     584.48      466.75]
  [     623.14       503.1]
  [     561.37      500.44]
  [     638.13      541.04]
  [     541.21      541.57]
  [     635.24      574.73]
  [     561.41      579.15]
  [     608.49      593.53]
  [     569.79       593.5]
  [      603.5      663.46]
  [      571.1      663.55]
  [     599.76      729.24]
  [     574.29      730.05]]

 [[      720.9      488.54]
  [     725.16      482.91]
  [          0           0]
  [     736.61      486.11]
  [          0           0]
  [     743.03      520.96]
  [     751.02      519.57]
  [     737.96         568]
  [          0           0]
  [     725.78      605.17]
  [          0           0]
  [     739.45      611.84]
  [     744.98      609.83]
  [     737.75      681.06]
  [     734.64      678.95]
  [     747.59      748.52]
  [     738.05      742.54]]

 [[     694.72      483.39]
  [      699.9      478.56]
  [     690.79       478.7]
  [     709.51      481.29]
  [     684.85       481.9]
  [     721.17      511.64]
  [     676.19      512.79]
  [     726.22       552.1]
  [     667.25      554.61]
  [     716.23      583.25]
  [     670.28      591.06]
  [     711.36      592.32]
  [     682.15      592.26]
  [     717.82      658.32]
  [     681.62      658.24]
  [     716.64      721.57]
  [     678.56      721.37]]]