[[[     370.78       488.3]
  [     376.53      482.24]
  [     366.95      482.55]
  [     391.41      477.18]
  [          0           0]
  [     414.97      499.89]
  [     351.22      502.75]
  [     435.79      545.71]
  [     330.32      537.79]
  [     416.46      579.32]
  [     352.17      520.72]
  [     399.73      593.88]
  [     357.65      595.12]
  [     402.92      665.04]
  [     358.93      667.62]
  [     409.04      734.29]
  [     355.87      737.82]]

 [[     677.78      496.02]
  [     681.39      489.31]
  [     675.88      491.13]
  [     698.26      485.53]
  [          0           0]
  [     725.79      509.91]
  [     686.42      518.24]
  [     742.34      551.08]
  [     674.52      553.41]
  [     724.02      583.33]
  [     676.75      525.02]
  [     725.46      600.24]
  [     700.13      602.92]
  [     719.55      664.86]
  [     697.85      666.88]
  [     736.87      731.37]
  [     708.37      728.05]]]