[[[          0           0]
  [          0           0]
  [          0           0]
  [          0           0]
  [      539.3      311.41]
  [     406.81      396.32]
  [     576.16      379.62]
  [     363.04      530.56]
  [     609.18      500.66]
  [     424.52      561.68]
  [     667.67      607.86]
  [     442.48      650.82]
  [     554.24      642.23]
  [      496.2       855.7]
  [     588.35      821.99]
  [     483.98      1036.8]
  [     499.97      1005.2]]

 [[     298.86      392.92]
  [     309.14      378.45]
  [      282.4      376.11]
  [          0           0]
  [     238.88      371.28]
  [      266.5      452.75]
  [      218.4       452.5]
  [     278.86      566.91]
  [     199.71      579.16]
  [     323.35      631.03]
  [     215.12      688.46]
  [     275.79      679.66]
  [     252.94      688.71]
  [     284.63       821.1]
  [     290.67       848.4]
  [        213       961.5]
  [     261.68        1009]]]