[[[     307.87      453.33]
  [     316.05      447.39]
  [     303.72      447.37]
  [     335.18      451.78]
  [          0           0]
  [     358.87      492.26]
  [     290.56      493.23]
  [     383.17      541.92]
  [     276.56      541.49]
  [     357.41      587.17]
  [     273.81      587.34]
  [     339.62      602.27]
  [     295.91      601.55]
  [     337.52      682.38]
  [     301.19      681.74]
  [      342.7      761.86]
  [      307.2      760.46]]

 [[          0           0]
  [          0           0]
  [          0           0]
  [     130.72      465.25]
  [     171.06       463.8]
  [      104.2      514.92]
  [     193.76      510.43]
  [     84.497      577.34]
  [     215.58         575]
  [     112.79      613.66]
  [     222.54      626.58]
  [     121.21      645.06]
  [     182.74      642.96]
  [      123.8      733.87]
  [     196.15      722.91]
  [     130.83      820.04]
  [     183.48      804.68]]

 [[     107.03      464.09]
  [     107.59      457.07]
  [     97.791      458.49]
  [          0           0]
  [     73.444      464.34]
  [     104.55      504.18]
  [     48.038      503.93]
  [          0           0]
  [     16.263      551.96]
  [          0           0]
  [     72.705      562.29]
  [     93.974      623.24]
  [     56.332      624.41]
  [     95.651      702.77]
  [     49.821       701.6]
  [     84.055      789.51]
  [     35.668       786.6]]]