[[[     1149.2      476.93]
  [     1155.3      469.07]
  [          0           0]
  [     1181.8      468.69]
  [          0           0]
  [     1222.9      512.46]
  [     1163.8         519]
  [     1247.3      567.04]
  [     1162.7      578.23]
  [     1227.7      622.22]
  [     1142.2      627.22]
  [     1200.6      650.42]
  [     1160.8      649.67]
  [     1213.9      752.01]
  [     1172.7      746.37]
  [     1227.1      846.88]
  [     1192.3      837.61]]

 [[          0           0]
  [          0           0]
  [     979.85      462.54]
  [          0           0]
  [     967.54      460.66]
  [     952.17      506.03]
  [     929.21      501.74]
  [          0           0]
  [     901.03      556.46]
  [          0           0]
  [     930.39      616.36]
  [     956.91      641.38]
  [     941.59      642.74]
  [     961.45      738.61]
  [     926.76      742.65]
  [     949.37      828.35]
  [     915.74      839.13]]]