[[[      980.5      417.72]
  [     990.95      407.73]
  [     968.87      406.28]
  [     1003.4      413.67]
  [     948.95      408.75]
  [     1021.4      485.45]
  [     917.99      467.72]
  [     1052.8      556.26]
  [     892.04      549.31]
  [     1085.2      512.56]
  [     873.39      627.01]
  [     997.89      657.04]
  [     929.87         649]
  [     989.01      782.48]
  [     911.22      776.59]
  [     978.04       896.7]
  [     902.02      901.82]]

 [[     741.22       397.1]
  [     750.23      385.43]
  [     730.16       379.6]
  [          0           0]
  [     683.99       369.3]
  [     696.52       447.9]
  [     644.12      443.78]
  [          0           0]
  [      637.5      567.06]
  [          0           0]
  [     678.82      678.53]
  [     699.33       669.7]
  [     665.95      674.89]
  [     687.44      838.65]
  [     667.59      857.39]
  [     678.15      999.69]
  [     650.92      1032.2]]]