[[[     740.68      478.62]
  [      748.8      471.51]
  [     735.01       471.6]
  [     765.58      472.87]
  [     728.46      473.37]
  [     785.88      513.16]
  [     714.99      512.98]
  [     801.63      566.56]
  [     696.88      563.83]
  [     807.69      611.93]
  [     683.36      612.32]
  [     767.58      630.39]
  [     718.76      629.97]
  [     776.06         714]
  [     703.34      713.98]
  [     770.86       795.2]
  [     699.32      799.85]]

 [[     525.33      481.73]
  [     532.96      475.21]
  [      518.3      474.92]
  [     544.95      480.94]
  [        507      480.15]
  [     565.36      523.19]
  [     487.03      526.01]
  [     589.25      574.52]
  [     469.99      581.92]
  [     595.07      623.97]
  [     462.54      632.28]
  [     558.76      642.42]
  [     506.54      644.89]
  [     574.86      723.48]
  [     512.44      725.91]
  [     584.36      806.88]
  [     517.42      808.54]]]