[[[     968.05      500.91]
  [      972.8      495.94]
  [     962.06       496.3]
  [     979.76      501.06]
  [      951.3      501.18]
  [        992       535.2]
  [     935.51      536.96]
  [     1002.4      573.23]
  [     926.15      579.98]
  [     989.38         602]
  [     956.78      605.73]
  [     985.15      624.76]
  [     946.02      625.89]
  [     988.61       690.9]
  [     940.28      692.85]
  [     989.09       755.9]
  [     931.35       755.9]]

 [[     864.31      502.01]
  [      870.1       495.8]
  [     857.18      495.07]
  [          0           0]
  [     840.46      497.03]
  [     858.83      536.37]
  [     832.22      536.36]
  [     862.73      589.11]
  [        827      591.94]
  [     874.79      633.32]
  [     847.55      632.93]
  [     860.96      634.24]
  [     845.66      635.55]
  [     847.71      712.54]
  [     845.84      714.41]
  [     836.91      785.96]
  [     838.06      788.49]]]