[[[     1232.5      418.59]
  [     1246.9      407.71]
  [     1222.7       406.4]
  [     1270.9      415.33]
  [     1209.5      412.66]
  [       1299      488.22]
  [       1188      483.64]
  [     1326.6      579.86]
  [     1172.6      568.36]
  [     1315.5      667.32]
  [     1151.7      647.36]
  [     1272.5      684.02]
  [     1199.4       679.7]
  [     1287.3      835.15]
  [     1215.9      817.79]
  [     1298.8      975.32]
  [     1241.7      946.08]]

 [[     931.91      397.29]
  [     933.22      387.38]
  [     922.02      384.89]
  [          0           0]
  [     880.98      387.26]
  [     906.15      468.37]
  [     828.35      460.67]
  [     910.24      566.75]
  [     820.68      557.02]
  [     936.17       636.1]
  [     853.48      649.81]
  [     899.12      663.47]
  [      846.1      666.16]
  [     899.76      804.14]
  [     838.44      819.02]
  [     884.39      937.13]
  [     825.96      964.29]]]