[[[     1010.1      526.23]
  [     1014.7      521.23]
  [     1005.6      520.11]
  [          0           0]
  [     992.24      514.18]
  [     1025.9       544.3]
  [     965.14      540.87]
  [       1035      585.97]
  [      949.5      586.28]
  [     1042.6      624.73]
  [      953.1      627.78]
  [     1016.1      634.99]
  [     974.73      634.54]
  [       1019      704.71]
  [     967.34      705.05]
  [     1021.1      771.63]
  [     958.02      772.61]]

 [[      903.3      508.77]
  [          0           0]
  [     900.79      502.35]
  [          0           0]
  [      886.6      502.26]
  [     866.62      534.38]
  [     870.75      538.12]
  [          0           0]
  [     876.91      594.41]
  [          0           0]
  [     892.98         639]
  [     871.31      640.21]
  [     875.65      643.04]
  [     875.76      724.65]
  [     872.18      728.63]
  [     863.81      804.54]
  [     863.08      812.89]]]