[[[      949.7      414.66]
  [     958.33         404]
  [     936.55      404.86]
  [     972.54      409.73]
  [     918.14      410.88]
  [     1001.3      483.64]
  [     893.54      470.25]
  [       1037      555.14]
  [     870.45      551.71]
  [     1063.2      502.03]
  [     857.28      628.67]
  [     974.15      662.56]
  [     903.17      655.52]
  [      967.7       790.1]
  [     888.69      786.34]
  [      957.6      902.91]
  [     875.89      911.23]]

 [[      717.3      395.82]
  [     729.36      384.38]
  [      706.4       376.4]
  [          0           0]
  [     662.91      364.68]
  [     681.87      451.82]
  [     621.42      440.09]
  [          0           0]
  [     610.17      565.24]
  [          0           0]
  [     655.52      678.83]
  [     679.88      674.66]
  [     640.78       676.8]
  [     669.74      846.05]
  [      640.6      864.11]
  [     646.52      1008.6]
  [      618.3      1043.9]]]