[[[     1150.8      489.46]
  [       1159      482.52]
  [     1144.8      482.98]
  [       1176      485.65]
  [          0           0]
  [     1194.6      531.47]
  [       1131      531.47]
  [     1209.6      588.61]
  [     1119.5      586.54]
  [     1202.1      640.26]
  [     1106.6      633.42]
  [     1178.5      651.33]
  [     1137.2      650.09]
  [       1183      741.23]
  [     1145.9      733.44]
  [     1196.5      825.73]
  [       1159      813.48]]

 [[     983.91      494.79]
  [          0           0]
  [     980.25      485.53]
  [          0           0]
  [     958.26      478.81]
  [     960.62      521.52]
  [     922.43      515.95]
  [     958.43      583.24]
  [      905.9      576.34]
  [     972.06      628.27]
  [     912.04      634.74]
  [     958.98      644.08]
  [     933.43      644.47]
  [     958.39      728.66]
  [     921.13      733.62]
  [     948.73      805.65]
  [     908.62      817.62]]]