[[[     1009.1       519.9]
  [     1015.8      513.15]
  [     1002.8       512.6]
  [     1026.2      513.56]
  [     992.03      511.81]
  [       1039      543.66]
  [        977      540.37]
  [     1069.2      568.66]
  [      946.9      560.06]
  [     1041.8      529.96]
  [     977.53      523.74]
  [     1026.5       654.1]
  [     985.26      653.11]
  [     1026.5      733.44]
  [     978.23      734.23]
  [     1035.3      812.75]
  [     966.17      815.39]]

 [[      886.3      491.54]
  [          0           0]
  [     878.45      484.54]
  [          0           0]
  [     855.73       492.5]
  [     858.23      541.83]
  [     845.23      541.98]
  [          0           0]
  [     842.47      605.38]
  [          0           0]
  [     867.19      659.42]
  [     861.51      663.13]
  [     853.75      664.74]
  [     854.91      760.29]
  [     843.78       763.1]
  [     839.37      851.26]
  [     829.32      857.88]]]