[[[      995.8      495.27]
  [     999.56      488.72]
  [     990.91      487.24]
  [          0           0]
  [     970.62      481.75]
  [     989.45      521.22]
  [     934.77       518.8]
  [     992.15       574.4]
  [     918.86      577.32]
  [     1008.3      618.14]
  [     928.96      631.59]
  [     982.92      635.03]
  [     946.01      636.88]
  [     993.48      714.98]
  [      937.7      720.29]
  [     979.93      790.68]
  [     936.68      798.58]]

 [[     1138.4      505.63]
  [     1144.7      497.63]
  [     1134.2      498.94]
  [     1164.7      492.94]
  [          0           0]
  [     1192.4      529.34]
  [     1136.4      533.81]
  [     1205.7      582.24]
  [     1130.1      585.29]
  [     1196.4      629.91]
  [     1116.9      627.71]
  [     1176.6      641.25]
  [     1139.9      640.79]
  [     1183.4       723.9]
  [       1149      717.69]
  [     1191.9      802.55]
  [     1160.6       794.4]]]