[[[     962.51       502.8]
  [     968.04      497.83]
  [     957.33      498.09]
  [     978.52      501.98]
  [     949.25      502.08]
  [     994.29      534.58]
  [        935      536.74]
  [     1007.7      571.92]
  [     924.25      578.16]
  [     991.28      599.72]
  [      953.9      601.24]
  [     985.61      626.05]
  [      944.8      627.06]
  [     988.85      692.55]
  [     939.09      694.62]
  [     987.82      756.25]
  [     930.67      756.78]]

 [[     871.52      503.79]
  [     875.66      497.13]
  [      864.7      496.73]
  [          0           0]
  [     845.87      496.49]
  [     853.52      532.95]
  [     837.91      534.08]
  [          0           0]
  [     834.82      590.63]
  [     871.19      622.47]
  [     849.88      634.32]
  [     860.27      632.86]
  [     851.57      634.69]
  [     848.47      713.13]
  [     846.74      715.45]
  [     839.25      786.51]
  [     833.69       789.7]]]