[[[     574.08      314.43]
  [     586.21      296.69]
  [     554.27      296.25]
  [     588.55      313.71]
  [     497.77      310.09]
  [     611.47      421.66]
  [     424.35      415.08]
  [     663.62      557.37]
  [     376.94      547.94]
  [     666.44      682.22]
  [     347.81      671.58]
  [     583.92      708.72]
  [     459.64      709.42]
  [     610.68      933.18]
  [     456.22         938]
  [     568.68      1064.8]
  [     490.86      1058.6]]

 [[      949.7      274.26]
  [      969.5      255.78]
  [      931.4      260.04]
  [     1006.8      275.75]
  [     913.29       285.8]
  [     1061.6      385.94]
  [     879.81      397.04]
  [     1119.1      520.22]
  [     833.52      526.13]
  [     1072.8      519.77]
  [     876.43      496.83]
  [     1031.8      686.37]
  [     911.08      689.45]
  [     1033.8      895.19]
  [      900.2      901.97]
  [     1029.9      1074.3]
  [     908.97      1062.1]]]