[[[          0           0]
  [          0           0]
  [          0           0]
  [     1086.9      474.46]
  [          0           0]
  [     1082.3      512.71]
  [     1158.9      506.82]
  [     1077.1       575.3]
  [     1184.6      569.48]
  [     1078.6      627.38]
  [       1185      620.23]
  [     1109.2      645.34]
  [     1163.7      641.78]
  [     1105.6      741.39]
  [     1178.3      731.93]
  [     1113.2       839.2]
  [     1186.3      821.97]]

 [[          0           0]
  [          0           0]
  [          0           0]
  [          0           0]
  [     938.08      507.99]
  [     876.91      525.41]
  [     933.41      536.11]
  [     846.66      574.69]
  [     943.87       590.8]
  [     854.31      621.81]
  [      941.7       624.6]
  [     869.31      629.23]
  [     908.23      635.12]
  [     870.97      713.92]
  [     915.43      722.81]
  [      862.7      793.22]
  [     913.77      804.33]]]