[[[     799.15      477.97]
  [     806.76      470.31]
  [     791.44      471.06]
  [     820.97      476.15]
  [     781.67      477.31]
  [     840.27      524.45]
  [     769.39      515.61]
  [     860.56      579.92]
  [     733.91      524.63]
  [     863.02      628.24]
  [     765.13      473.23]
  [     825.19      643.95]
  [     778.65      641.07]
  [      822.5      732.63]
  [     776.72      731.89]
  [     828.21      815.57]
  [     774.77      815.26]]

 [[     988.11       471.5]
  [     994.51      463.17]
  [     980.55      464.44]
  [     1007.9       462.3]
  [     970.51      464.95]
  [     1031.7      502.13]
  [     957.62      506.95]
  [     1050.3      557.18]
  [     937.96      545.07]
  [     1065.4      607.59]
  [      967.4      501.66]
  [     1017.2      628.76]
  [     968.06      631.74]
  [     1020.8      718.83]
  [     968.32      721.04]
  [     1017.3      806.99]
  [     965.71      803.59]]]