[[[     948.85      459.33]
  [     956.01      450.82]
  [     939.77      452.33]
  [     968.69      454.11]
  [     926.48       457.8]
  [     991.04      505.65]
  [     908.74      510.54]
  [     1007.7      562.97]
  [     895.58      571.99]
  [     1009.8      617.04]
  [     886.76      633.28]
  [     980.85      643.66]
  [     926.45      645.89]
  [     986.79      741.84]
  [     928.28      743.72]
  [     984.35      837.75]
  [     933.52      841.59]]

 [[        819      442.79]
  [          0           0]
  [     815.16      433.55]
  [          0           0]
  [      791.7      437.95]
  [     761.56      490.93]
  [     760.65      496.45]
  [          0           0]
  [     752.08      580.25]
  [          0           0]
  [     778.07      653.57]
  [     769.69      653.22]
  [     769.57      659.02]
  [     772.47      783.12]
  [     763.58      793.52]
  [     769.77      904.42]
  [     750.56      923.07]]]