[[[     1178.1      444.85]
  [     1187.5      437.16]
  [     1178.8      436.58]
  [     1218.8      441.11]
  [          0           0]
  [     1256.9      493.93]
  [     1183.6      494.92]
  [     1267.9       564.2]
  [     1173.9      558.93]
  [     1232.9      622.29]
  [     1141.5      597.52]
  [     1237.2      645.78]
  [     1188.1       643.6]
  [     1250.3      761.03]
  [     1199.8      752.13]
  [     1268.1      869.76]
  [     1225.2      856.89]]

 [[      977.4      426.18]
  [          0           0]
  [     967.68      418.78]
  [          0           0]
  [     939.65      426.58]
  [     959.36      483.47]
  [     910.98      479.24]
  [     951.79      553.64]
  [     875.65      541.85]
  [     984.52      589.74]
  [     932.76      584.58]
  [     960.82      635.63]
  [     928.88      639.35]
  [     964.31       745.8]
  [     922.89      756.79]
  [     951.77      850.02]
  [      906.2      870.47]]]