[[[     467.13       250.7]
  [     497.13      233.53]
  [     443.51       225.4]
  [     531.33      259.75]
  [     402.77      241.59]
  [     574.57       389.1]
  [     330.54      373.81]
  [     633.37      551.63]
  [     283.14      539.12]
  [     630.52      706.03]
  [     239.45      691.53]
  [     534.32      746.74]
  [     370.61      740.29]
  [     561.14      1029.4]
  [     378.36        1017]
  [          0           0]
  [          0           0]]

 [[     950.22       204.4]
  [     974.55      181.32]
  [     925.69      184.16]
  [     1015.8      199.49]
  [     897.76      206.55]
  [       1076      341.69]
  [     854.95      348.36]
  [       1128      511.56]
  [     819.69      518.25]
  [     1119.4      679.44]
  [     788.45      678.22]
  [     1048.5      719.16]
  [     898.18      722.25]
  [     1083.8      989.35]
  [     894.77      998.93]
  [          0           0]
  [          0           0]]]