[[[     1173.4       489.6]
  [     1180.7      480.98]
  [       1168      482.65]
  [     1203.8      479.72]
  [          0           0]
  [     1235.7      527.25]
  [     1166.2      530.25]
  [     1251.3      587.65]
  [     1152.6      586.21]
  [     1243.8       644.9]
  [     1139.3      632.27]
  [     1214.6      653.51]
  [     1169.7      652.81]
  [     1222.5      747.57]
  [     1181.8      740.73]
  [       1237      838.33]
  [     1196.8      830.17]]

 [[     988.32      477.32]
  [     992.33      470.92]
  [     981.62      469.89]
  [          0           0]
  [     960.53      471.44]
  [     984.24      516.75]
  [     939.37      514.27]
  [     992.83      576.51]
  [      955.4       545.6]
  [     1012.3      619.77]
  [     973.13      499.91]
  [     990.55       640.9]
  [      958.1      643.28]
  [     984.39      732.71]
  [     945.33      741.26]
  [     971.73      822.12]
  [     932.29      827.59]]]