[[[     1215.4      430.86]
  [     1226.5      421.16]
  [     1205.8      420.62]
  [     1243.6      423.83]
  [     1191.2      422.76]
  [     1266.5      485.12]
  [     1170.3      483.37]
  [     1285.5       566.3]
  [     1152.5      559.69]
  [       1281      645.39]
  [     1134.6      628.08]
  [       1242      653.43]
  [     1179.6       652.5]
  [       1253      778.89]
  [     1198.2      772.25]
  [     1267.5      893.55]
  [     1220.5      881.77]]

 [[     927.62      408.65]
  [     932.68      399.43]
  [     915.51      399.28]
  [          0           0]
  [     886.55      406.72]
  [     928.08      473.36]
  [     865.13      470.83]
  [     936.65      554.08]
  [     856.19      544.65]
  [     955.18      621.19]
  [     872.47      623.48]
  [     934.98      640.28]
  [     893.03      643.91]
  [     929.84      756.86]
  [     885.09      771.78]
  [     919.49      869.94]
  [     867.95      893.51]]]