[[[      960.1      456.43]
  [     969.17      449.53]
  [     956.53      449.34]
  [     991.17      454.27]
  [          0           0]
  [       1018      502.78]
  [     940.62      505.16]
  [     1038.9      557.07]
  [     923.81      561.31]
  [     1056.3      609.05]
  [     909.37      617.72]
  [     1002.3      630.77]
  [     950.18      631.29]
  [       1011      719.56]
  [     942.68      721.07]
  [     1010.9      806.36]
  [     940.15      810.73]]

 [[     838.33      445.02]
  [          0           0]
  [     834.96      436.39]
  [          0           0]
  [      813.5      439.36]
  [     790.74      487.48]
  [     788.52      491.09]
  [          0           0]
  [     795.82      568.99]
  [          0           0]
  [     831.61      629.54]
  [     794.86      632.89]
  [     794.39      637.22]
  [      802.5      751.81]
  [      790.4      759.16]
  [     787.82      859.24]
  [     773.22      873.61]]]