[[[     1022.5      512.38]
  [     1025.7      505.67]
  [          0           0]
  [     1039.5      500.53]
  [          0           0]
  [     1050.3      530.91]
  [       1075      527.62]
  [     1054.4      579.26]
  [          0           0]
  [       1043      620.71]
  [          0           0]
  [       1058      635.75]
  [     1074.7      633.52]
  [     1052.8      709.12]
  [     1066.7      706.91]
  [     1087.8      778.65]
  [     1091.6      772.94]]

 [[     897.39         524]
  [          0           0]
  [     894.54      517.17]
  [          0           0]
  [     878.02      509.02]
  [     882.88      540.37]
  [     848.67      536.22]
  [     894.06      578.14]
  [     839.13      589.28]
  [     916.03      571.97]
  [     863.17      629.59]
  [     879.71      640.85]
  [     857.27      640.91]
  [     886.49      715.81]
  [        856      716.47]
  [     884.07       786.8]
  [     846.19      792.33]]]