[[[     960.64      416.22]
  [     971.09      407.44]
  [     951.02      407.48]
  [     987.83       415.9]
  [     937.19      415.52]
  [     1011.9      478.86]
  [     913.12       479.7]
  [     1035.8      549.41]
  [     894.04      555.95]
  [     1063.2      614.41]
  [     872.67      626.69]
  [     993.19       645.3]
  [     927.92      644.83]
  [     987.05      764.84]
  [     914.77      764.82]
  [     970.85      877.03]
  [     910.31      877.25]]

 [[     765.44      393.29]
  [          0           0]
  [     760.46      380.98]
  [          0           0]
  [     727.35      380.95]
  [     710.38      449.96]
  [      675.5      452.08]
  [          0           0]
  [     662.49      562.43]
  [          0           0]
  [     701.22      667.15]
  [     707.51      656.72]
  [        684      663.17]
  [     715.49      818.94]
  [     680.48      836.66]
  [     702.63      963.56]
  [     669.66      997.63]]]