[[[     765.67      421.78]
  [     770.12      412.78]
  [     753.88      411.81]
  [          0           0]
  [     719.52      417.51]
  [     781.14      487.48]
  [     670.77      481.26]
  [      808.1      567.15]
  [     647.17      558.48]
  [     816.26      635.44]
  [     637.09      630.38]
  [     766.83      656.88]
  [      693.9      656.33]
  [     777.09      785.16]
  [     698.96      782.63]
  [     778.67      899.99]
  [     699.86      896.05]]

 [[     978.89      400.75]
  [     989.67      389.77]
  [      969.1       391.2]
  [     1014.7      396.34]
  [          0           0]
  [     1052.1      462.46]
  [     943.76      464.11]
  [     1080.5      540.41]
  [     918.26      540.39]
  [     1045.2      509.57]
  [     985.22      516.03]
  [     1032.3      640.56]
  [     959.48      642.07]
  [     1037.1       770.7]
  [      962.4      773.24]
  [     1047.4      888.52]
  [     966.72      895.24]]]