[[[          0           0]
  [          0           0]
  [          0           0]
  [     1110.7      456.19]
  [          0           0]
  [     1108.4      498.02]
  [     1188.7      498.77]
  [     1108.4      557.73]
  [       1221      555.17]
  [     1105.2      623.94]
  [     1198.2      609.41]
  [     1128.6      647.59]
  [     1184.5      648.32]
  [     1115.3      753.55]
  [     1184.2      760.62]
  [     1127.4      858.74]
  [     1191.2      871.46]]

 [[          0           0]
  [          0           0]
  [          0           0]
  [          0           0]
  [     923.23       509.8]
  [     858.01      527.94]
  [     915.38      538.79]
  [     830.42      584.15]
  [     926.82      603.07]
  [     854.39      615.44]
  [     929.71      615.77]
  [      856.6      638.29]
  [     896.91      642.95]
  [     856.68      729.05]
  [     907.23      727.41]
  [     854.93      815.52]
  [     911.51      806.29]]]