[[[     1000.7      496.45]
  [     1004.5      490.11]
  [     996.39      488.41]
  [          0           0]
  [     976.33      482.39]
  [     993.57      522.27]
  [     938.82      519.44]
  [      997.9      574.44]
  [      922.1      578.72]
  [     1014.6      616.59]
  [     933.18      632.44]
  [     987.46      636.21]
  [     951.33      637.47]
  [      985.6      718.73]
  [     942.05      721.91]
  [     975.25      795.63]
  [     936.72      799.39]]

 [[     1137.7      512.12]
  [     1143.3      503.49]
  [     1132.8      505.25]
  [     1162.1      495.22]
  [          0           0]
  [     1191.6      529.51]
  [     1134.9      534.53]
  [     1205.8      582.02]
  [     1129.4      586.17]
  [     1197.7      629.43]
  [     1119.1      628.62]
  [     1176.7      641.83]
  [     1139.7      641.48]
  [     1183.7      725.07]
  [       1149      717.93]
  [     1192.2      803.52]
  [     1160.7      794.01]]]