[[[     1069.2      434.14]
  [     1072.4      423.58]
  [          0           0]
  [     1092.8      417.11]
  [          0           0]
  [     1087.2      470.12]
  [     1183.9      458.35]
  [       1080      545.09]
  [     1239.8      531.85]
  [     1071.9      625.18]
  [     1221.7      609.52]
  [     1113.2      651.59]
  [     1179.3      644.44]
  [     1112.1       798.1]
  [     1189.6      777.51]
  [     1133.9      936.89]
  [     1204.6      902.82]]

 [[          0           0]
  [          0           0]
  [          0           0]
  [          0           0]
  [     917.68      499.23]
  [     852.45      518.19]
  [     923.69      530.11]
  [     809.95      561.72]
  [     937.31      584.23]
  [     826.98      616.62]
  [     941.94      636.05]
  [     858.63      638.21]
  [     905.09      645.73]
  [     860.36      731.25]
  [     907.19      741.46]
  [     857.23      825.46]
  [      905.2      837.13]]]