[[[     1010.2      525.97]
  [     1014.7      520.98]
  [     1005.6      519.86]
  [          0           0]
  [     992.22      514.04]
  [     1025.9      544.26]
  [     965.17      540.86]
  [     1035.1      585.84]
  [     949.55      586.19]
  [     1042.7      624.55]
  [     953.11       627.7]
  [     1016.2      635.15]
  [     974.83       634.7]
  [     1019.1       704.9]
  [     967.41      705.28]
  [     1021.1      771.75]
  [     958.08      772.78]]

 [[     903.25      508.81]
  [          0           0]
  [     900.72       502.4]
  [          0           0]
  [     886.46      502.25]
  [     866.57       534.3]
  [     870.74      537.97]
  [          0           0]
  [     876.91      594.23]
  [          0           0]
  [     892.96      639.04]
  [     871.34      640.17]
  [     875.69      642.97]
  [     875.66      724.77]
  [     872.24      728.63]
  [     863.88      804.67]
  [     863.05      812.83]]]