[[[     955.62      461.59]
  [     964.34      454.43]
  [     951.12      454.54]
  [      985.6      458.37]
  [          0           0]
  [     1012.4      506.79]
  [     934.81      509.43]
  [     1031.9      559.68]
  [     917.03      564.58]
  [     1049.4      610.99]
  [     903.28      620.42]
  [     996.55      635.38]
  [     944.07      636.04]
  [       1007       726.4]
  [      940.5      726.92]
  [     1013.6      813.99]
  [     940.55      816.33]]

 [[     838.43      448.65]
  [          0           0]
  [     835.67      439.56]
  [          0           0]
  [     817.08      442.29]
  [     787.95      489.86]
  [     788.73      495.41]
  [          0           0]
  [     786.61      575.11]
  [          0           0]
  [     814.47      643.42]
  [     790.19      635.64]
  [     792.12      640.85]
  [     802.23      754.59]
  [     791.63      763.25]
  [     788.57       868.2]
  [     776.11      884.49]]]