[[[     1199.9       438.1]
  [     1212.1      427.84]
  [     1190.4      427.62]
  [       1234      432.63]
  [     1178.1      432.82]
  [     1262.8      497.38]
  [     1160.8      496.65]
  [       1287      578.81]
  [     1144.9      575.17]
  [       1278      661.72]
  [     1127.2      649.76]
  [     1238.2      675.99]
  [     1171.8      673.56]
  [     1251.1       811.5]
  [     1188.8      797.08]
  [     1265.2      939.42]
  [     1215.6      915.23]]

 [[     905.45      420.21]
  [     913.67      410.13]
  [     893.15       409.7]
  [          0           0]
  [     868.38      414.25]
  [     927.77      481.67]
  [     843.47      482.15]
  [     935.63      563.19]
  [     829.97      568.11]
  [     954.55      634.01]
  [     854.19      647.97]
  [     922.33      656.88]
  [     865.89      660.58]
  [     911.03      784.78]
  [     855.22      796.86]
  [     889.18       908.4]
  [     834.11      926.77]]]