[[[     967.84      432.05]
  [     976.67       422.9]
  [      958.2      423.66]
  [     991.26      429.28]
  [     943.24      431.05]
  [     1016.1       485.2]
  [     921.41      487.45]
  [     1038.4      549.68]
  [     906.83      549.76]
  [       1006      595.22]
  [     961.29      580.79]
  [     997.72      641.59]
  [     933.85      641.73]
  [     988.34      754.78]
  [     925.72      754.39]
  [      978.9      861.29]
  [     918.69      860.19]]

 [[     782.39      411.04]
  [          0           0]
  [     778.99      399.71]
  [          0           0]
  [     751.46      399.68]
  [     726.61      464.38]
  [     703.81      464.85]
  [          0           0]
  [     697.49      564.13]
  [          0           0]
  [      737.4       655.1]
  [     726.99      651.82]
  [     713.08      656.58]
  [     730.41      802.16]
  [     715.62      812.95]
  [     723.86       942.8]
  [     704.79      962.52]]]