[[[     1171.8      473.59]
  [     1180.4      466.29]
  [     1165.7      466.88]
  [     1198.7      469.76]
  [          0           0]
  [     1219.1      515.79]
  [       1151       517.3]
  [     1237.6      573.47]
  [       1141      574.39]
  [     1228.1      628.16]
  [     1126.9      618.46]
  [     1201.6      639.34]
  [     1157.1      638.26]
  [     1210.2      733.94]
  [     1165.8      726.27]
  [     1220.9      823.07]
  [       1185      811.62]]

 [[     988.03      467.98]
  [     989.77      460.45]
  [     980.76      460.27]
  [          0           0]
  [     956.34      458.87]
  [        975      502.16]
  [     931.32      502.74]
  [      975.1         572]
  [     923.49      551.99]
  [     988.71      609.03]
  [     967.08      514.54]
  [     970.08      628.59]
  [     940.24         633]
  [     968.66      719.15]
  [     935.15      729.86]
  [     960.18      803.53]
  [     920.82      815.38]]]