[[[     1422.2      264.65]
  [     1447.1      245.11]
  [     1400.3      244.75]
  [     1484.6      264.24]
  [     1370.4       263.3]
  [     1532.3      385.91]
  [     1325.5       384.9]
  [     1603.2      538.39]
  [     1286.7       535.3]
  [       1602      697.55]
  [     1251.4      653.56]
  [     1483.3      715.86]
  [     1346.4      712.51]
  [     1516.5      972.91]
  [     1355.6      956.96]
  [          0           0]
  [          0           0]]

 [[     860.15      243.25]
  [     878.36      224.22]
  [     837.67      222.03]
  [     892.18      242.77]
  [      790.3      237.15]
  [     910.69      374.99]
  [     732.49      362.61]
  [     925.76      535.47]
  [     681.63      513.57]
  [     939.33      662.61]
  [     687.55      667.99]
  [     884.67      711.66]
  [     762.47      709.12]
  [     870.12      970.74]
  [     736.15      978.33]
  [          0           0]
  [          0           0]]]