[[[     963.76      500.76]
  [     969.01      495.85]
  [     958.19       496.2]
  [     978.02      501.06]
  [     949.13      501.26]
  [     991.64      534.94]
  [     934.89      537.22]
  [     1002.3      573.24]
  [     926.32      580.54]
  [      988.8      601.83]
  [     957.07      605.89]
  [     984.55      625.77]
  [     945.15      627.02]
  [     988.33      692.02]
  [     939.52      694.52]
  [     987.12       755.4]
  [     930.22      756.55]]

 [[     860.13      500.72]
  [      865.9       494.4]
  [     852.96      493.91]
  [          0           0]
  [     836.58      495.83]
  [     854.78      534.06]
  [      829.9      535.03]
  [          0           0]
  [     823.92      590.16]
  [     869.28      627.64]
  [     842.32      632.16]
  [     858.78      634.59]
  [      844.8      636.26]
  [     844.44      713.39]
  [     844.69      715.61]
  [     834.82      786.67]
  [     837.61       789.8]]]