[[[      994.1      417.74]
  [       1004      407.58]
  [     984.81      409.38]
  [     1026.5      411.47]
  [     975.97      416.29]
  [     1060.2      474.06]
  [     962.42      480.08]
  [     1086.6       543.3]
  [     947.91      553.52]
  [       1106      612.08]
  [     931.27      622.08]
  [     1039.3       643.3]
  [     973.99      644.32]
  [       1040      763.84]
  [     968.46      763.52]
  [       1036      870.95]
  [     962.87      872.15]]

 [[      757.2      436.19]
  [     767.31      428.21]
  [     747.45      426.27]
  [     777.78      436.83]
  [     727.77      431.31]
  [     795.44      495.49]
  [     694.86      490.06]
  [     820.56      570.72]
  [     669.94      562.21]
  [     828.17      639.32]
  [     665.43       627.1]
  [     779.44      651.23]
  [     712.69      650.49]
  [     783.21      768.52]
  [     711.42       768.8]
  [     787.55      877.46]
  [      715.2      876.55]]]