[[[     593.42         256]
  [          0           0]
  [     575.75      231.63]
  [          0           0]
  [     487.98      234.59]
  [     512.07      369.07]
  [     409.21      357.49]
  [          0           0]
  [     384.49      559.31]
  [          0           0]
  [     449.93      747.28]
  [     527.48      737.74]
  [     453.14      740.53]
  [          0           0]
  [     453.68      1017.9]
  [          0           0]
  [          0           0]]

 [[     921.36      342.16]
  [     936.14      327.86]
  [     904.12      329.86]
  [     959.17      343.09]
  [     880.21      347.89]
  [     1001.4      437.43]
  [     856.17      444.26]
  [     1039.6      549.87]
  [     826.69      559.67]
  [     1057.8      654.75]
  [     811.29      667.02]
  [      971.9      686.09]
  [     874.04      687.11]
  [     968.29      862.65]
  [     838.09      867.62]
  [     931.17      1040.6]
  [     836.09        1044]]]