[[[     802.79       469.3]
  [      807.2      463.65]
  [     796.92      463.15]
  [          0           0]
  [     782.21      463.63]
  [     816.66      494.53]
  [     759.53      494.11]
  [     828.53      535.47]
  [      741.7      534.18]
  [     823.06      567.08]
  [     775.03      548.89]
  [     809.61      585.14]
  [     771.78      586.05]
  [     809.84      654.63]
  [     773.48      655.33]
  [     810.47      722.71]
  [     773.75      720.25]]

 [[        909      481.76]
  [     914.06      475.65]
  [          0           0]
  [     925.86      479.49]
  [          0           0]
  [     924.97      515.82]
  [     947.84       511.6]
  [     904.51      558.42]
  [          0           0]
  [     890.84      544.25]
  [          0           0]
  [     926.61      605.82]
  [     941.39      602.63]
  [     923.55      676.75]
  [     928.96      672.95]
  [     934.69      741.38]
  [     933.79      736.19]]

 [[      898.3      481.46]
  [     903.96      476.13]
  [     893.77      476.26]
  [     912.82      479.17]
  [     885.44      479.29]
  [     916.72      512.07]
  [        876      513.72]
  [     915.78      552.14]
  [     866.96      560.16]
  [          0           0]
  [     879.65      578.45]
  [     906.98         593]
  [     879.63      593.19]
  [     909.83      654.21]
  [     880.03      652.76]
  [      907.8      713.85]
  [     876.49      712.61]]]