[[[          0           0]
  [          0           0]
  [          0           0]
  [          0           0]
  [     466.91      316.77]
  [     329.13      385.37]
  [     452.29      377.23]
  [     278.36      526.76]
  [     467.09      499.09]
  [     341.27      603.22]
  [     501.33      622.62]
  [     325.54      656.06]
  [     430.14      651.36]
  [     295.14      861.97]
  [     510.82      841.29]
  [     200.59        1054]
  [     535.71      1024.8]]

 [[     586.12      448.23]
  [      595.9      440.89]
  [     580.91      440.11]
  [     615.26      446.25]
  [      574.4      444.63]
  [     639.42      498.24]
  [     553.67      495.72]
  [     661.28      556.09]
  [      528.8      550.22]
  [     650.86      595.93]
  [     530.17      600.19]
  [     620.76       634.2]
  [     565.11      633.08]
  [     621.39      730.82]
  [     565.22       732.1]
  [     613.95      821.47]
  [     570.47      828.89]]

 [[     190.61      455.34]
  [      201.6      443.79]
  [     178.34      445.36]
  [     226.27      442.51]
  [      163.8      446.41]
  [      259.3      500.75]
  [     146.75      490.65]
  [     287.25      559.12]
  [     71.148      494.41]
  [     314.24      607.21]
  [     20.556       491.7]
  [     247.12      674.52]
  [     174.72      673.47]
  [     279.53      798.07]
  [     189.74      799.94]
  [     294.66      916.96]
  [     204.13      927.83]]]