[[[     893.53      424.84]
  [     900.09      417.15]
  [     884.39       416.2]
  [          0           0]
  [     863.77      418.64]
  [      917.7      469.24]
  [     833.02      466.53]
  [     939.29      530.02]
  [      807.4      527.99]
  [     934.25      586.45]
  [     857.63      563.88]
  [     907.75      602.04]
  [     851.77      602.53]
  [     905.15      706.49]
  [      847.9      707.16]
  [     900.95      809.93]
  [      840.8      808.95]]

 [[          0           0]
  [     1061.6      428.62]
  [          0           0]
  [     1076.6      432.48]
  [          0           0]
  [     1091.3      490.76]
  [     1120.5       483.9]
  [     1081.2      575.71]
  [          0           0]
  [     1061.2      641.03]
  [          0           0]
  [     1094.3      648.65]
  [     1114.2      644.41]
  [     1098.9      764.77]
  [     1101.1      760.45]
  [       1120      872.75]
  [     1108.8      867.07]]

 [[     1033.9      449.36]
  [     1041.1      441.58]
  [     1026.7         443]
  [     1056.4      445.17]
  [     1017.3      448.85]
  [     1076.8      492.84]
  [     1007.1      494.23]
  [          0           0]
  [     992.74      541.02]
  [          0           0]
  [     1027.6       546.7]
  [     1062.7      620.68]
  [     1012.9      621.09]
  [     1078.5      715.62]
  [     1003.5      714.57]
  [     1087.8      806.84]
  [       1000      808.52]]]