[[[     394.93      439.97]
  [     405.94      433.71]
  [     390.94      431.71]
  [     427.87       441.5]
  [          0           0]
  [      450.8      486.44]
  [     375.94      484.48]
  [     476.95       551.3]
  [     367.61      550.86]
  [     444.11      608.34]
  [     362.51      604.95]
  [     422.05      619.66]
  [     372.13      616.13]
  [     424.36      720.71]
  [      367.9      716.45]
  [     422.69      821.16]
  [     362.75      813.19]]

 [[          0           0]
  [          0           0]
  [          0           0]
  [     156.42      448.06]
  [     199.24      447.74]
  [     115.32      511.63]
  [     224.48      507.21]
  [     94.726      609.03]
  [     246.82       599.9]
  [          0           0]
  [     258.79      664.02]
  [     126.39      671.56]
  [     202.65       670.5]
  [          0           0]
  [          0           0]
  [          0           0]
  [          0           0]]

 [[     132.75      455.18]
  [          0           0]
  [     125.69      445.37]
  [          0           0]
  [       92.7      449.39]
  [     98.488      505.63]
  [     51.097      504.95]
  [          0           0]
  [     40.507      577.05]
  [          0           0]
  [     100.36      616.03]
  [     93.258      651.69]
  [     62.464      653.83]
  [     91.986      775.05]
  [     75.802      776.06]
  [     80.062      901.84]
  [     62.519      904.56]]

 [[          0           0]
  [          0           0]
  [          0           0]
  [          0           0]
  [     195.81      444.55]
  [     114.13      505.39]
  [     209.34      506.89]
  [          0           0]
  [      243.3       597.7]
  [          0           0]
  [     251.62      663.44]
  [     126.55      677.01]
  [     191.63      679.03]
  [     138.84      783.15]
  [     199.31      781.09]
  [     132.74      893.35]
  [     186.75      893.92]]]