[[[     776.35      467.39]
  [     780.08      462.05]
  [     769.82      462.36]
  [          0           0]
  [     755.74      463.86]
  [     794.95      494.12]
  [     735.54      495.34]
  [        810      534.09]
  [     718.69      534.94]
  [     805.37      563.96]
  [     754.91      544.09]
  [     785.02      582.25]
  [     746.72      583.79]
  [     783.77      650.47]
  [      751.1      652.23]
  [     780.89      718.65]
  [     750.84      719.32]]

 [[     881.11      481.78]
  [     884.53      476.07]
  [          0           0]
  [     896.43      478.14]
  [          0           0]
  [     903.21      513.02]
  [     922.02      509.34]
  [     896.21      560.68]
  [          0           0]
  [     879.06      590.91]
  [          0           0]
  [     903.04       604.9]
  [     916.17      602.26]
  [     899.43      673.35]
  [     906.68       670.5]
  [     912.74      739.22]
  [     912.11      734.09]]

 [[     858.78      484.02]
  [      863.5      479.15]
  [     854.29      479.36]
  [     872.03      482.16]
  [     847.42      482.59]
  [     883.11      511.17]
  [     840.42      511.99]
  [     886.92      551.24]
  [     835.48      553.86]
  [     868.81      577.35]
  [     852.89      583.74]
  [     876.44      588.65]
  [     847.92      588.72]
  [     880.99      652.15]
  [     848.18       652.4]
  [     881.78      712.36]
  [     848.25      712.38]]]