[[[     345.86      488.08]
  [     351.64      481.88]
  [     341.97      482.08]
  [     366.64      476.71]
  [          0           0]
  [     391.31      499.98]
  [     327.08      503.34]
  [     413.61      546.65]
  [     304.22      541.45]
  [     390.94       579.8]
  [      327.5      522.52]
  [     374.24      597.33]
  [     332.36      598.52]
  [     379.63      668.53]
  [     334.35      670.42]
  [     381.63      736.22]
  [     331.13      737.81]]

 [[     659.34       490.6]
  [     664.75      484.97]
  [     657.34      485.75]
  [      681.9      484.58]
  [          0           0]
  [     706.33      511.12]
  [     655.49      516.72]
  [     724.15      549.58]
  [     640.16      548.97]
  [     711.53       582.1]
  [     658.77      532.58]
  [     704.08      598.38]
  [     671.06      600.83]
  [     710.11         664]
  [     676.36       664.3]
  [     718.57      728.87]
  [     686.75      725.85]]]