[[[     629.23      391.18]
  [     644.73      383.67]
  [     624.45      379.98]
  [     673.45      398.61]
  [          0           0]
  [     694.83      470.11]
  [     594.27      448.27]
  [     698.48      545.26]
  [     532.56      468.15]
  [     648.44      580.93]
  [     480.66      452.92]
  [     651.85      642.56]
  [     585.47      633.09]
  [     653.09      766.81]
  [        582      761.97]
  [     670.07      882.67]
  [     597.39       887.7]]

 [[     772.72      361.54]
  [        784      350.43]
  [     768.91      351.89]
  [     819.92      356.23]
  [          0           0]
  [     872.32      426.48]
  [     766.09      438.67]
  [     920.54      499.79]
  [     750.51      531.17]
  [     904.19      585.33]
  [     737.84      610.52]
  [     845.15      620.52]
  [      776.4      621.78]
  [     853.82      758.25]
  [     779.14      751.66]
  [     868.23      892.53]
  [     799.21      881.28]]

 [[     976.86      298.89]
  [     990.08      286.94]
  [     974.13      287.09]
  [     1032.9      293.85]
  [          0           0]
  [     1089.4      373.54]
  [     968.84      377.45]
  [     1112.6      474.63]
  [     944.31      476.39]
  [     1024.9      549.96]
  [     960.61      549.42]
  [     1064.6      595.68]
  [     984.02      595.54]
  [     1081.2      763.19]
  [     1001.6      759.88]
  [     1095.7      926.96]
  [     1012.7      926.11]]]