[[[     908.25      427.79]
  [     913.45      420.31]
  [     898.95      419.83]
  [          0           0]
  [     877.39      422.92]
  [     927.92      470.16]
  [     847.86      468.43]
  [     948.93      530.74]
  [     822.64      528.86]
  [     946.31      580.67]
  [     868.64       561.5]
  [     919.93       599.6]
  [     866.97      600.37]
  [     918.98      701.01]
  [     864.99      702.21]
  [     913.07       799.7]
  [     857.82       799.6]]

 [[     1020.1      448.91]
  [     1025.5      441.86]
  [     1012.3      443.29]
  [     1034.8      446.06]
  [     999.29      449.82]
  [     1057.3      491.78]
  [      982.7       496.4]
  [     1069.5      545.51]
  [     976.22      546.51]
  [     1056.3      548.73]
  [     1019.1      535.94]
  [     1053.5      617.73]
  [     1000.6      621.24]
  [     1066.2      708.52]
  [     1000.6      710.88]
  [     1079.9       792.9]
  [     1005.4      797.57]]

 [[          0           0]
  [          0           0]
  [          0           0]
  [     1078.4      434.19]
  [          0           0]
  [     1094.7      491.58]
  [     1125.7      486.14]
  [     1088.8      576.19]
  [          0           0]
  [     1068.1       643.7]
  [          0           0]
  [     1102.1      640.36]
  [     1122.2      636.04]
  [     1109.1      752.55]
  [     1109.9      748.68]
  [     1124.6      859.82]
  [     1119.7      850.87]]]