[[[     636.88      473.05]
  [     640.96      467.85]
  [     630.54       467.4]
  [          0           0]
  [     616.55      469.78]
  [     655.08      504.29]
  [     595.31      501.61]
  [     670.18      543.88]
  [     574.09      541.23]
  [     648.47      563.88]
  [     606.85      567.36]
  [     640.86      593.55]
  [     602.62      593.06]
  [     638.58      664.23]
  [     606.06      665.28]
  [     633.33      729.92]
  [     605.12      733.12]]

 [[     734.21      489.19]
  [     738.98      483.49]
  [          0           0]
  [     754.15      486.44]
  [          0           0]
  [     757.36      522.22]
  [     773.24      518.51]
  [     749.59      572.33]
  [          0           0]
  [     738.91      612.44]
  [          0           0]
  [     754.95      615.59]
  [     766.09      613.32]
  [     753.55      682.61]
  [      760.2      680.43]
  [     764.83      749.02]
  [     764.62      743.78]]

 [[     714.39      484.54]
  [     720.61      479.26]
  [     710.75      479.68]
  [     734.15      481.62]
  [          0           0]
  [     744.59      515.48]
  [     700.67       514.4]
  [     750.05      557.12]
  [     685.67      551.23]
  [     734.23      590.82]
  [     685.57      587.25]
  [     729.98       599.8]
  [     701.36      598.49]
  [     731.96      664.83]
  [     704.38       662.3]
  [     734.77       727.4]
  [     703.11      725.86]]]