[[[     1447.1      152.81]
  [     1447.5      102.11]
  [          0           0]
  [     1550.2      41.236]
  [          0           0]
  [     1571.5      167.37]
  [     1852.5      171.87]
  [     1549.4      494.65]
  [          0           0]
  [     1437.9       781.9]
  [          0           0]
  [     1698.8      864.87]
  [     1888.3      845.58]
  [          0           0]
  [          0           0]
  [          0           0]
  [          0           0]]

 [[     367.37      475.45]
  [     372.45      470.05]
  [     361.48      469.12]
  [     377.03      471.51]
  [     347.52      468.17]
  [     386.51      502.09]
  [     322.59      499.49]
  [     405.83      540.87]
  [     293.86      537.35]
  [     398.77      568.31]
  [     326.42      540.73]
  [     375.41      596.09]
  [     333.97      596.79]
  [     378.84      668.23]
  [     332.92      669.64]
  [     385.11       739.1]
  [     331.82      738.77]]

 [[     686.07      487.05]
  [     690.74      481.78]
  [     680.82         482]
  [     698.53       484.7]
  [     672.24      485.15]
  [     713.88       516.3]
  [     659.16      517.76]
  [     738.51      548.79]
  [     637.12      554.63]
  [     726.34      577.75]
  [     648.51      589.65]
  [     699.99      603.01]
  [     665.85      603.09]
  [     695.83      665.01]
  [     662.55      663.83]
  [     699.99      725.48]
  [     666.53      722.88]]]