[[[     563.29      387.46]
  [     575.97      379.06]
  [     558.79      377.51]
  [     604.21      386.24]
  [          0           0]
  [     634.11      442.37]
  [     548.19      443.66]
  [     665.16      520.93]
  [     536.67      524.48]
  [     633.91      594.96]
  [     528.74      594.84]
  [        610      613.26]
  [     552.84      611.62]
  [      617.8      743.09]
  [     565.92      738.36]
  [     622.98      868.02]
  [     573.11      859.84]]

 [[     322.12      391.14]
  [          0           0]
  [     316.12      375.85]
  [          0           0]
  [     292.97      380.85]
  [     201.74      458.62]
  [     306.96      463.39]
  [          0           0]
  [     329.39      575.43]
  [          0           0]
  [     354.86      636.01]
  [     217.99      676.95]
  [     289.88      681.34]
  [     238.43      832.06]
  [     290.86      832.01]
  [     264.11      978.27]
  [     287.12      982.64]]]