[[[     402.86      468.95]
  [     405.86      461.84]
  [     393.53      462.93]
  [          0           0]
  [      372.8      466.59]
  [     419.97      510.45]
  [     344.64      497.15]
  [     434.12      563.77]
  [      291.2      494.38]
  [     416.96      606.28]
  [     243.36      487.77]
  [     395.17       624.5]
  [     347.04      619.94]
  [     393.14      703.97]
  [     339.75      704.07]
  [     397.32      778.49]
  [      339.3      782.23]]

 [[     484.43      444.37]
  [        492      438.03]
  [     483.52      438.03]
  [     516.21      441.59]
  [          0           0]
  [     548.29      484.64]
  [     480.53      487.06]
  [     570.58      536.42]
  [     462.45      538.04]
  [     540.78      580.14]
  [     456.16       587.6]
  [     525.45      606.11]
  [     480.92      605.39]
  [     532.83      694.11]
  [     484.34      692.41]
  [     544.12      778.19]
  [     489.91      779.84]]

 [[     641.32       415.7]
  [     650.61      408.03]
  [     635.18      407.94]
  [     670.06      412.38]
  [          0           0]
  [     693.19      458.09]
  [     618.53      459.06]
  [      704.5      521.25]
  [     601.87      519.25]
  [     651.89      559.83]
  [     610.71      558.33]
  [     677.22       587.2]
  [     626.99      586.64]
  [     680.17      687.61]
  [     634.29      687.14]
  [     690.02      785.75]
  [      640.2      786.85]]]