[[[          0           0]
  [          0           0]
  [          0           0]
  [          0           0]
  [          0           0]
  [     1655.9      77.861]
  [     1279.8      125.17]
  [     1772.8      354.27]
  [     1219.6      393.34]
  [     1520.2      576.12]
  [     1292.1      550.08]
  [       1588       678.4]
  [     1333.8       685.8]
  [          0           0]
  [          0           0]
  [          0           0]
  [          0           0]]

 [[     835.18      151.69]
  [     850.38      124.45]
  [          0           0]
  [     924.72      126.33]
  [          0           0]
  [     1068.6      275.56]
  [     842.51      305.66]
  [     1183.9      452.82]
  [     817.45      504.65]
  [     1140.3      629.38]
  [     771.91      670.45]
  [     1013.5      700.38]
  [     862.31      703.39]
  [     1039.6      996.99]
  [     837.18      995.89]
  [          0           0]
  [          0           0]]

 [[     579.38      224.53]
  [     609.14      206.86]
  [     569.86      203.77]
  [     665.59      239.27]
  [          0           0]
  [        710      378.49]
  [     521.83      370.67]
  [     737.87      573.29]
  [     502.72      526.92]
  [     667.51      693.82]
  [     478.27      520.41]
  [     635.03      723.47]
  [     500.73      715.33]
  [     648.97      981.64]
  [     481.14      967.94]
  [          0           0]
  [          0           0]]]