[[[      494.3      406.03]
  [     506.41      397.68]
  [     489.62      396.63]
  [     534.38      403.63]
  [          0           0]
  [     565.29      459.04]
  [     477.54       459.9]
  [     591.74      531.96]
  [     465.18      533.18]
  [     560.04      602.49]
  [     457.73      599.47]
  [     541.68       620.5]
  [     483.38      618.82]
  [     552.98      740.38]
  [     485.91      735.31]
  [      557.7      856.03]
  [     493.51      850.07]]

 [[          0           0]
  [          0           0]
  [          0           0]
  [          0           0]
  [     268.11      411.89]
  [     163.59      477.64]
  [     272.47       482.4]
  [          0           0]
  [     293.36      582.83]
  [          0           0]
  [     319.15      633.61]
  [     184.85       676.3]
  [      257.6      680.28]
  [     209.35      817.58]
  [     254.43      817.82]
  [     227.71      959.97]
  [        243       961.8]]]