[[[     562.32      348.41]
  [     582.55      340.54]
  [     556.82      338.97]
  [     621.43      368.21]
  [          0           0]
  [     650.76      472.79]
  [     516.16      427.25]
  [      665.4      569.78]
  [     425.85      392.25]
  [     612.41      650.02]
  [     356.37      340.86]
  [     591.02      671.93]
  [     502.18      652.64]
  [     609.75      811.01]
  [     497.37      809.27]
  [     615.52      975.52]
  [     528.49      963.92]]

 [[     729.48      314.37]
  [      742.8      300.82]
  [     725.15      302.73]
  [     786.38      311.23]
  [          0           0]
  [     850.59      404.92]
  [     723.15      417.04]
  [     915.05      505.17]
  [     704.22      535.21]
  [     896.65      607.29]
  [     683.97      635.37]
  [      821.8      650.12]
  [     739.46      651.94]
  [     838.47      824.31]
  [     744.28         820]
  [     869.41      989.42]
  [     773.16      984.19]]

 [[     1019.9      222.53]
  [     1041.7       206.3]
  [     1008.8      207.88]
  [     1088.5       222.5]
  [          0           0]
  [     1145.2      323.64]
  [     976.55      335.25]
  [     1173.4      459.76]
  [     944.14      475.52]
  [     1063.4      555.58]
  [     977.94      558.11]
  [     1111.7      612.81]
  [     999.75      615.29]
  [     1104.9       830.2]
  [     1019.6      830.46]
  [     1112.4      1049.5]
  [     1050.5      1041.5]]]