[[[     304.74      462.02]
  [     311.31      455.92]
  [     299.86      456.49]
  [     327.69       453.7]
  [          0           0]
  [     354.53      483.69]
  [     289.24      488.08]
  [      394.5       524.9]
  [     279.66      536.53]
  [     389.34      575.66]
  [          0           0]
  [      346.4      592.28]
  [     306.73      593.44]
  [     343.63      670.22]
  [     318.88      670.84]
  [     343.81      753.65]
  [     324.04      750.16]]

 [[          0           0]
  [          0           0]
  [          0           0]
  [          0           0]
  [      202.7      464.76]
  [     141.34      511.03]
  [     223.93      509.36]
  [     119.11      570.49]
  [     249.29      569.24]
  [     147.34      601.05]
  [     252.61      614.28]
  [     154.26      634.66]
  [     210.72      635.51]
  [     156.09      714.64]
  [     221.44      715.64]
  [     143.02      795.23]
  [     199.89      801.12]]

 [[     130.81      461.39]
  [     131.66      454.26]
  [     121.16      455.73]
  [          0           0]
  [     97.853      462.05]
  [     123.92      501.31]
  [     78.558      500.94]
  [          0           0]
  [     46.857      551.52]
  [          0           0]
  [     77.306      602.55]
  [     112.08      612.62]
  [     82.097       613.6]
  [     111.99      691.07]
  [     69.488      694.76]
  [      92.86      771.07]
  [     51.098       780.2]]]