[[[      734.7      474.39]
  [      740.2      467.98]
  [     727.85      466.53]
  [          0           0]
  [      708.6      468.53]
  [     756.22      517.05]
  [     677.33       512.4]
  [     775.16      569.94]
  [     654.19      562.61]
  [     766.23      612.72]
  [     691.61      594.22]
  [     739.41      634.41]
  [     688.78      633.44]
  [     736.17      718.77]
  [     687.18      720.01]
  [     730.52       801.9]
  [     684.07      802.95]]

 [[     835.95      493.63]
  [     843.18       486.5]
  [      830.6      487.15]
  [     858.07      490.66]
  [          0           0]
  [     879.51      533.96]
  [     816.06      535.21]
  [     897.26      585.89]
  [     800.15      586.22]
  [     883.22      626.03]
  [     790.75      632.15]
  [     865.87      643.59]
  [     822.89      643.22]
  [     875.64      725.87]
  [     814.78      724.07]
  [     885.52      802.44]
  [     818.34      804.72]]

 [[     870.93      492.96]
  [     873.29      483.93]
  [          0           0]
  [     887.86      487.16]
  [          0           0]
  [     909.57      534.16]
  [     907.49      531.26]
  [     907.66      606.27]
  [          0           0]
  [     894.44      664.59]
  [          0           0]
  [     914.21      664.39]
  [     910.37      660.75]
  [     912.47      754.74]
  [     897.79      750.44]
  [      919.9      843.82]
  [     897.48      836.56]]]