[[[     783.86      478.58]
  [     789.51      473.77]
  [     778.74      472.04]
  [          0           0]
  [     766.42      474.67]
  [     805.18      515.27]
  [      742.5      509.14]
  [      817.6      559.17]
  [     720.79      551.84]
  [     793.84      568.73]
  [     752.69      561.57]
  [     786.04      606.57]
  [     745.62      603.99]
  [     779.95      677.74]
  [     743.93      676.56]
  [     771.21      742.54]
  [      741.3      743.67]]

 [[     877.23      496.91]
  [     880.88      490.24]
  [          0           0]
  [     894.92      492.56]
  [          0           0]
  [     906.42      530.71]
  [     908.59      527.73]
  [     897.69       587.5]
  [          0           0]
  [     881.51      626.08]
  [          0           0]
  [     906.11      631.67]
  [     908.33      629.42]
  [     904.46      699.53]
  [     902.51      701.08]
  [     915.75      772.78]
  [     909.58      769.72]]

 [[     867.83       502.6]
  [     872.88      496.82]
  [     862.95      496.87]
  [     880.08      498.55]
  [     855.31      498.67]
  [     888.82      531.55]
  [     844.97      530.62]
  [     891.91      574.73]
  [     836.03      568.89]
  [          0           0]
  [     848.72      595.78]
  [     878.18      616.91]
  [     848.78      616.88]
  [     882.16      679.96]
  [     848.15      679.74]
  [     887.24      743.19]
  [     849.89      743.88]]]