[[[     571.83      483.81]
  [     577.18      478.76]
  [     566.01      478.11]
  [          0           0]
  [     553.64      482.05]
  [     595.16      520.57]
  [     529.05      519.29]
  [     609.12      562.73]
  [     510.08      562.22]
  [     601.56      599.05]
  [     525.05      598.08]
  [     579.82      617.33]
  [     537.95      617.18]
  [     576.52      689.09]
  [     541.54      690.54]
  [     572.17      757.16]
  [     541.68      758.86]]

 [[      699.9      505.13]
  [      702.1      498.78]
  [          0           0]
  [     712.26      502.25]
  [          0           0]
  [     724.79       538.4]
  [     728.88      534.56]
  [     718.54       590.4]
  [          0           0]
  [     701.58      627.69]
  [          0           0]
  [     721.48      638.34]
  [     725.97       635.8]
  [     717.01      708.08]
  [     719.66       708.1]
  [      721.6      780.56]
  [      728.9      775.32]]

 [[     670.41       506.2]
  [     675.64      500.48]
  [     665.71      501.16]
  [     685.36      502.59]
  [          0           0]
  [     700.01      535.24]
  [      649.5      535.17]
  [          0           0]
  [     635.89      571.91]
  [          0           0]
  [     642.01      607.64]
  [     689.31      624.78]
  [     655.87      624.47]
  [     692.16      691.51]
  [     653.14      690.24]
  [     699.99       755.4]
  [     654.54      754.36]]]