[[[     800.51      470.87]
  [     804.28      465.76]
  [     794.75      464.48]
  [          0           0]
  [      777.8      467.17]
  [     813.73      508.41]
  [      748.9      504.71]
  [     827.49      553.77]
  [     729.98       550.1]
  [     816.08      580.94]
  [     769.41      575.21]
  [     802.87      607.13]
  [     760.85      606.91]
  [     801.35       680.1]
  [      759.3      681.92]
  [     795.23      753.49]
  [     757.35      754.95]]

 [[     894.81      492.62]
  [     897.51      485.22]
  [          0           0]
  [     911.08      485.96]
  [          0           0]
  [     924.67       525.8]
  [     935.94       522.1]
  [     913.66      583.32]
  [          0           0]
  [     895.94      621.22]
  [          0           0]
  [     923.64      634.37]
  [     932.12      631.43]
  [     925.96      706.46]
  [     926.21      706.52]
  [     938.88      780.63]
  [     932.26      777.49]]

 [[     885.84       492.7]
  [     891.75      485.83]
  [      880.9      486.79]
  [     903.92      487.57]
  [          0           0]
  [     918.02      523.68]
  [      868.8      522.77]
  [          0           0]
  [     851.47      558.58]
  [          0           0]
  [     861.93      585.76]
  [     908.78      615.92]
  [     875.96      614.55]
  [     904.77      686.68]
  [     869.63       684.5]
  [      904.6      751.14]
  [     867.75      748.99]]]