[[[     809.01      489.76]
  [     813.36       484.3]
  [     803.15      483.62]
  [          0           0]
  [     788.22       486.1]
  [      826.6      524.01]
  [     762.53      521.65]
  [     840.75      569.47]
  [     740.96      564.49]
  [     832.95      606.15]
  [     775.53      574.12]
  [     814.44      621.08]
  [     772.77      620.62]
  [     812.69      693.24]
  [     770.21      692.05]
  [     808.06      760.87]
  [     768.76      760.08]]

 [[          0           0]
  [          0           0]
  [          0           0]
  [      918.4      503.74]
  [          0           0]
  [     926.49      542.86]
  [     949.88      539.74]
  [     920.95      598.16]
  [          0           0]
  [     903.49      631.54]
  [          0           0]
  [     927.48      646.17]
  [     943.64       643.7]
  [     930.17       716.4]
  [     932.37      715.88]
  [     945.65      788.67]
  [     940.27      785.04]]

 [[     886.71      508.95]
  [     892.02      503.56]
  [          0           0]
  [     905.33      507.41]
  [          0           0]
  [     922.44      542.36]
  [     880.89      541.41]
  [          0           0]
  [     872.79      580.72]
  [          0           0]
  [      872.6      613.23]
  [     907.89      631.18]
  [     878.65      629.97]
  [     911.31      695.18]
  [     873.63      694.44]
  [     916.59      756.91]
  [     879.31      757.79]]]