[[[     790.73       456.5]
  [     795.15      450.71]
  [     784.58       449.7]
  [          0           0]
  [     767.62      452.31]
  [     807.39      493.98]
  [     739.47      491.07]
  [     823.98      539.38]
  [     720.93      536.79]
  [     811.12      572.97]
  [     756.61      565.06]
  [      794.4      595.32]
  [     750.37       594.9]
  [     791.52      672.35]
  [     749.23      673.09]
  [      790.4      744.34]
  [      748.1      745.61]]

 [[     908.81      465.29]
  [      917.1      460.33]
  [     905.83      460.08]
  [      933.3      469.66]
  [          0           0]
  [     946.74      512.01]
  [     896.92      514.39]
  [     956.47      564.21]
  [     888.14       568.1]
  [     940.63      608.69]
  [     883.67      610.68]
  [        932      620.65]
  [     899.16      620.43]
  [     932.62      700.79]
  [     908.89      699.37]
  [     936.57      775.46]
  [     923.07      769.93]]

 [[     881.97      486.91]
  [     886.45      479.52]
  [     874.67      481.86]
  [          0           0]
  [      865.7      484.73]
  [     905.49       511.2]
  [     859.93         515]
  [          0           0]
  [     850.17      554.84]
  [          0           0]
  [     844.89      592.02]
  [     895.51      602.07]
  [     864.93      602.78]
  [     895.25      673.76]
  [     858.82      670.93]
  [     898.76      737.75]
  [     860.32      735.41]]]