[[[     881.95      402.15]
  [     890.44      391.18]
  [     870.58      389.65]
  [          0           0]
  [     841.21      392.36]
  [     909.93      464.08]
  [     798.95      455.16]
  [     928.06      539.63]
  [     762.27         537]
  [     923.87      590.49]
  [     827.72      577.64]
  [     888.24      638.71]
  [     813.91      634.53]
  [     879.16      768.01]
  [     810.65      768.61]
  [     869.39      885.58]
  [     803.42      890.67]]

 [[     1025.8      430.34]
  [       1035      419.31]
  [     1014.2      423.39]
  [     1051.6       426.9]
  [       1000      437.23]
  [     1087.7      492.01]
  [     984.99      499.44]
  [     1114.3      570.07]
  [     954.18      568.87]
  [     1069.4       591.3]
  [     994.56      588.99]
  [     1068.2      656.84]
  [     999.66      658.61]
  [     1083.9      782.19]
  [     1007.7      779.31]
  [     1095.2      896.33]
  [     1017.1       889.2]]

 [[     1086.4      406.85]
  [     1090.9      393.25]
  [          0           0]
  [       1115      400.99]
  [          0           0]
  [     1140.9      482.57]
  [     1154.6      474.69]
  [     1120.3      595.65]
  [          0           0]
  [     1095.1      679.92]
  [          0           0]
  [     1145.8      701.26]
  [     1151.8      695.67]
  [     1150.4      854.79]
  [     1144.1      849.19]
  [     1163.4      998.48]
  [     1148.4      980.64]]]