[[[     737.41      471.35]
  [     744.13      465.03]
  [     730.45      463.45]
  [          0           0]
  [     713.72      466.09]
  [      762.6      515.62]
  [      681.8      510.36]
  [      780.2      570.33]
  [     657.98      562.59]
  [     771.15      611.89]
  [     697.32      593.57]
  [     744.47      633.81]
  [      692.7       632.3]
  [     741.66      719.62]
  [     690.83      719.52]
  [     735.29      803.01]
  [     687.18      802.95]]

 [[     849.72      495.21]
  [     855.86      487.95]
  [     842.15      489.39]
  [      865.9      490.99]
  [     832.34       494.5]
  [     884.77      533.36]
  [     817.55      535.72]
  [     897.05      586.18]
  [     803.26      586.84]
  [     888.64      626.43]
  [     796.37       633.7]
  [      871.5      642.62]
  [     826.65      643.22]
  [     881.91      722.95]
  [     820.65      723.03]
  [     891.63      801.45]
  [     818.23      799.88]]

 [[     880.67      489.92]
  [     883.56      481.62]
  [          0           0]
  [     898.85      485.08]
  [          0           0]
  [     918.44      531.69]
  [     914.36      528.29]
  [     912.48      601.41]
  [          0           0]
  [     898.31      660.16]
  [          0           0]
  [     917.56      662.49]
  [     914.03      659.03]
  [     918.72       753.7]
  [     911.46      751.62]
  [     923.64      845.36]
  [     912.94      837.56]]]