[[[     576.86      487.81]
  [     582.26      482.53]
  [     571.51       481.5]
  [          0           0]
  [     558.25      482.24]
  [     598.57      521.71]
  [     531.69      518.17]
  [     610.87      568.11]
  [     514.02      562.38]
  [     612.87      613.34]
  [     516.66      605.12]
  [     581.44      618.42]
  [     539.61      617.41]
  [     577.74      689.46]
  [     542.49      689.82]
  [     571.65      758.42]
  [     542.29      758.85]]

 [[     668.69      504.49]
  [     674.37      498.71]
  [     665.11      499.06]
  [     686.49      500.98]
  [          0           0]
  [     702.86      535.17]
  [     651.39      535.53]
  [          0           0]
  [     640.96      575.78]
  [          0           0]
  [     638.16      614.73]
  [     692.29      624.98]
  [     658.16       624.6]
  [     694.97      691.39]
  [     654.19      691.26]
  [     699.62      756.42]
  [     655.23      756.15]]

 [[     700.67      504.95]
  [     703.16      498.44]
  [          0           0]
  [     715.26       501.3]
  [          0           0]
  [     730.24      535.73]
  [     725.37      533.64]
  [     732.69      583.52]
  [          0           0]
  [     713.77      619.33]
  [          0           0]
  [     724.08      636.61]
  [     722.83      634.77]
  [     717.29      706.84]
  [     719.16      708.14]
  [      721.8      780.15]
  [     729.19      775.41]]]