[[[     939.99       446.6]
  [     945.34      438.81]
  [     931.87      437.76]
  [          0           0]
  [     909.99      440.81]
  [      960.6      493.87]
  [     878.45       488.7]
  [     977.78      551.33]
  [     853.83      547.56]
  [     974.36      600.71]
  [     896.26      580.85]
  [     943.99      622.81]
  [      890.2       621.8]
  [     943.92      717.46]
  [      889.7      718.78]
  [     939.08      807.92]
  [     886.58      805.26]]

 [[     1051.8      467.99]
  [     1059.7      459.72]
  [     1043.9      461.47]
  [     1073.8      465.29]
  [     1035.3      469.78]
  [     1090.2      511.22]
  [     1025.3      516.14]
  [     1100.1      561.37]
  [       1007      565.86]
  [     1077.6      543.19]
  [     1048.1       543.2]
  [     1080.3      629.28]
  [     1034.9      631.46]
  [     1092.8      722.78]
  [     1028.8      723.22]
  [     1101.3      808.76]
  [       1029      810.75]]

 [[          0           0]
  [          0           0]
  [          0           0]
  [     1105.7      457.82]
  [          0           0]
  [     1123.4      508.95]
  [       1139      503.68]
  [     1114.1      588.73]
  [          0           0]
  [     1098.3         651]
  [          0           0]
  [       1128       659.5]
  [     1139.6      655.38]
  [     1130.7      764.84]
  [     1133.6      761.58]
  [     1139.3       866.6]
  [     1136.4      860.86]]]