[[[     1037.3      460.07]
  [     1043.4       450.7]
  [     1027.1      454.53]
  [     1054.6      455.32]
  [     1014.4      464.88]
  [       1080      506.39]
  [     1002.4      509.66]
  [     1098.6      563.79]
  [     978.98      567.56]
  [     1082.1      589.22]
  [     1029.9      557.19]
  [       1064      639.61]
  [     1009.4      639.86]
  [     1080.1      738.78]
  [     1004.6      737.02]
  [     1093.3      827.55]
  [     1006.3      826.07]]

 [[     911.64      433.04]
  [     917.74      424.21]
  [     901.89      423.94]
  [          0           0]
  [     877.98      427.94]
  [     933.66      483.14]
  [     846.32      479.63]
  [     956.53      549.15]
  [     818.98       545.3]
  [     952.61      601.62]
  [     870.58      577.75]
  [     921.43      625.79]
  [     863.06      625.18]
  [     923.95      731.45]
  [     862.54      729.68]
  [     919.75      828.97]
  [     857.18      830.08]]

 [[          0           0]
  [     1085.8      435.73]
  [          0           0]
  [     1102.9       441.5]
  [          0           0]
  [     1120.5      503.24]
  [     1137.5      498.71]
  [     1108.9      591.35]
  [          0           0]
  [     1092.9      664.49]
  [          0           0]
  [     1127.4      671.46]
  [       1138      667.93]
  [     1127.1      786.73]
  [     1128.8      783.88]
  [     1142.3      893.06]
  [     1137.4      884.77]]]