[[[      930.1       438.4]
  [     934.94      430.13]
  [      921.5      429.28]
  [          0           0]
  [     897.71      431.68]
  [     949.14      484.52]
  [     865.03      479.72]
  [     968.82      544.17]
  [     839.91      543.03]
  [     964.59      597.18]
  [      890.7      575.75]
  [      937.3      618.57]
  [     881.29      618.29]
  [     938.73      715.52]
  [     881.64       717.1]
  [     936.14       807.1]
  [     874.62      807.83]]

 [[     1053.3      455.29]
  [     1060.7      447.01]
  [     1044.7      448.17]
  [     1072.1      452.13]
  [       1033       455.1]
  [     1088.1      500.09]
  [     1016.3      501.28]
  [     1100.1      556.42]
  [     993.65      549.68]
  [     1084.8      554.68]
  [     1034.9      534.33]
  [     1075.4      623.64]
  [     1026.9      624.99]
  [     1088.8      720.04]
  [       1023      721.42]
  [     1098.4      808.35]
  [     1024.5      810.85]]

 [[          0           0]
  [     1095.3       441.8]
  [          0           0]
  [     1109.5      443.53]
  [          0           0]
  [     1127.7      500.48]
  [     1145.7      491.61]
  [     1115.8      584.11]
  [          0           0]
  [     1097.2      651.47]
  [          0           0]
  [     1132.7       659.8]
  [     1143.6      654.47]
  [     1136.6      769.91]
  [     1137.9      763.76]
  [     1145.5      868.75]
  [     1136.7      858.12]]]