[[[     808.46      487.36]
  [     813.79      482.01]
  [     802.89      480.44]
  [          0           0]
  [     788.04      481.57]
  [     826.24      521.29]
  [     762.59      515.78]
  [      836.6       567.7]
  [     741.92      558.73]
  [     833.36      602.36]
  [     775.84      569.17]
  [      812.9      614.82]
  [     770.54       613.6]
  [     811.71      687.16]
  [     768.81      687.35]
  [     809.62      752.46]
  [     764.65      754.36]]

 [[          0           0]
  [          0           0]
  [          0           0]
  [     919.16      500.55]
  [          0           0]
  [     924.32      537.68]
  [     952.42      534.82]
  [     902.78      585.99]
  [          0           0]
  [     875.97      597.32]
  [          0           0]
  [      928.2      640.43]
  [     946.49      637.89]
  [     928.44      709.21]
  [     931.42      709.95]
  [     941.39      782.22]
  [     935.04      780.27]]

 [[        900      510.16]
  [     904.31      504.52]
  [     895.15      504.66]
  [          0           0]
  [     886.02      506.18]
  [     917.61      537.51]
  [     870.29      536.29]
  [          0           0]
  [     858.38         575]
  [          0           0]
  [     875.89      605.68]
  [     909.16      623.12]
  [     877.16      622.76]
  [     908.02      690.96]
  [     873.74      690.65]
  [     908.43      752.98]
  [     869.67      753.35]]]