[[[     923.88      471.19]
  [      929.6      464.74]
  [     917.25      462.72]
  [          0           0]
  [     898.12      464.19]
  [     946.01      514.95]
  [     863.97      510.17]
  [     966.44      569.75]
  [     841.72      566.65]
  [     959.57      615.11]
  [     883.56      596.42]
  [     930.37      636.79]
  [     877.96      635.74]
  [     927.06       727.5]
  [     876.86      727.48]
  [      918.7      813.84]
  [     874.34      814.29]]

 [[       1036      492.84]
  [     1043.8      485.66]
  [     1029.2      485.83]
  [     1056.2      490.14]
  [     1019.3       490.8]
  [       1073      533.28]
  [     1002.2       533.9]
  [     1082.4       582.9]
  [     983.91      580.81]
  [     1056.1      587.14]
  [     1011.1      592.53]
  [     1060.9      646.62]
  [     1013.4      647.23]
  [     1070.2      733.88]
  [     1010.3      735.96]
  [     1078.1       816.5]
  [     1011.1      816.43]]

 [[     1072.8      481.61]
  [     1076.2      473.28]
  [          0           0]
  [     1091.9      478.09]
  [          0           0]
  [     1102.3      528.28]
  [     1114.4      524.99]
  [     1094.2      603.91]
  [          0           0]
  [     1075.8      666.22]
  [          0           0]
  [     1107.1      670.33]
  [     1116.6      667.98]
  [     1109.1      769.81]
  [     1111.3      769.17]
  [     1114.4      867.06]
  [       1112       862.3]]]