[[[     898.54      427.46]
  [     906.39      417.57]
  [     888.71      416.32]
  [          0           0]
  [     863.76      417.53]
  [     926.77      477.12]
  [     827.84      475.31]
  [     951.31         548]
  [     798.01      547.25]
  [     944.61      613.11]
  [     853.04      586.66]
  [     911.51      633.58]
  [     845.56      632.52]
  [     909.01      749.97]
  [     846.38      750.14]
  [     908.51      853.33]
  [     845.51      855.12]]

 [[     1047.4      452.78]
  [     1054.5      442.49]
  [     1035.9      445.77]
  [     1065.1      447.12]
  [     1019.1      455.55]
  [       1094      502.65]
  [       1006      506.36]
  [     1117.8      570.07]
  [     983.69       574.6]
  [     1072.7      576.23]
  [     1020.2      557.48]
  [     1077.5      652.06]
  [     1017.6      651.67]
  [       1093       760.5]
  [     1028.1      759.63]
  [       1108       857.7]
  [     1038.2      860.43]]

 [[          0           0]
  [     1095.3      428.91]
  [          0           0]
  [       1110      431.65]
  [          0           0]
  [     1138.3      495.88]
  [     1162.6      493.56]
  [     1115.8      592.66]
  [          0           0]
  [     1065.4       625.8]
  [          0           0]
  [       1140      684.65]
  [     1153.5      679.61]
  [     1147.1      820.57]
  [     1148.9      812.93]
  [     1164.8      938.14]
  [     1156.9      927.55]]]