[[[     879.86      411.71]
  [     887.44      401.81]
  [     869.41      400.34]
  [          0           0]
  [     841.89      402.83]
  [     906.22      470.92]
  [     801.29      462.14]
  [     929.94      548.68]
  [     767.67      537.82]
  [     926.82      609.52]
  [     826.73      578.79]
  [     886.28      634.61]
  [     817.12         632]
  [     880.27      757.35]
  [     811.55      757.29]
  [     868.27      873.35]
  [      806.7      873.76]]

 [[     1010.8      441.32]
  [       1020       430.1]
  [     1000.8      432.39]
  [     1034.9      434.51]
  [     986.05       441.2]
  [     1067.2      492.75]
  [     972.07      504.67]
  [     1084.7      557.94]
  [     945.65       572.8]
  [     1040.2      561.16]
  [     983.27      564.61]
  [     1050.1      657.41]
  [     985.97      661.79]
  [     1072.2       772.1]
  [     998.27      775.42]
  [     1081.3      883.57]
  [       1020      875.51]]

 [[     1078.4      427.27]
  [     1080.8      413.16]
  [          0           0]
  [     1101.4      413.56]
  [          0           0]
  [     1131.5      473.94]
  [     1145.9      477.09]
  [     1091.8      535.97]
  [          0           0]
  [     1042.5      514.94]
  [          0           0]
  [     1123.9      683.84]
  [     1129.1      680.74]
  [     1134.6      832.28]
  [       1128      826.74]
  [     1147.6      962.43]
  [     1138.1       945.1]]]