[[[     801.63      467.25]
  [     804.69      461.87]
  [     795.65      460.46]
  [          0           0]
  [     776.96      463.53]
  [     813.81      505.47]
  [     749.46      501.79]
  [     828.11      548.71]
  [     732.27      548.07]
  [     813.59      575.19]
  [     769.15      573.91]
  [     803.13      604.57]
  [      761.1      604.02]
  [     799.39      680.76]
  [     761.41      681.87]
  [     795.72      753.36]
  [     758.61      754.63]]

 [[          0           0]
  [          0           0]
  [          0           0]
  [     912.94      483.24]
  [          0           0]
  [     922.32      524.39]
  [     943.12      521.75]
  [     909.55      580.66]
  [          0           0]
  [     896.96      619.36]
  [          0           0]
  [     923.69      632.08]
  [     937.93      629.97]
  [     926.83      705.57]
  [      927.8       706.1]
  [     941.62      781.61]
  [     933.65      778.16]]

 [[     880.01      490.98]
  [     885.09      484.28]
  [     876.52      484.91]
  [      898.1       484.2]
  [          0           0]
  [     914.46      518.72]
  [     869.02      518.48]
  [          0           0]
  [     856.85      558.45]
  [          0           0]
  [     853.83      594.29]
  [     906.49      614.74]
  [     875.55      613.94]
  [     910.35      684.14]
  [     871.52      682.24]
  [     915.39      749.29]
  [      869.5      748.85]]]