[[[     744.17      327.38]
  [      748.7      323.02]
  [     739.72      323.31]
  [     756.92      325.56]
  [     733.51      326.05]
  [     769.45      353.75]
  [      723.5      354.61]
  [     781.11       387.9]
  [     713.39      388.48]
  [      790.1      417.43]
  [     709.46      420.11]
  [     761.78      429.08]
  [     730.32      429.64]
  [     765.19      481.11]
  [     727.23      482.35]
  [     766.65      531.02]
  [     726.95      532.25]]

 [[     655.91      319.17]
  [          0           0]
  [     651.17      315.28]
  [          0           0]
  [     638.56      321.57]
  [     641.65      351.85]
  [     634.75       353.1]
  [          0           0]
  [     630.47      394.51]
  [          0           0]
  [      642.8      433.07]
  [     644.24      429.86]
  [     640.37      431.24]
  [     644.67      492.55]
  [     638.17      494.75]
  [     636.18      549.53]
  [      628.8      554.84]]]