[[[     1002.5      323.74]
  [     1006.8      319.81]
  [     999.55       320.2]
  [     1018.7       322.5]
  [          0           0]
  [     1038.1      350.34]
  [     991.41       352.6]
  [     1055.4      383.23]
  [     986.33      385.88]
  [     1057.7      416.26]
  [     985.42      414.59]
  [     1038.1      420.19]
  [     1007.6      421.86]
  [     1049.9      473.62]
  [     1021.8      473.49]
  [     1065.2      524.54]
  [     1032.1      524.34]]

 [[     862.25      324.38]
  [      864.6      320.43]
  [     856.91      320.56]
  [          0           0]
  [     847.16      323.23]
  [     869.39      349.42]
  [     842.92       349.4]
  [     882.18      381.98]
  [     845.67      383.51]
  [      900.7      406.82]
  [     861.42      411.19]
  [     876.01      414.61]
  [     859.74      416.82]
  [      878.5      463.43]
  [      871.1      467.12]
  [     878.91      512.19]
  [      873.4      517.33]]]