[[[     749.78      326.71]
  [     755.19      322.52]
  [     748.84      322.56]
  [     772.81      325.12]
  [          0           0]
  [     796.82      356.03]
  [        744      356.53]
  [     811.14      396.57]
  [        734      396.32]
  [     813.79       435.6]
  [     730.12       432.8]
  [      785.5      442.39]
  [     750.51      442.13]
  [     790.14      506.13]
  [     753.81         505]
  [     795.71      565.36]
  [     757.89      565.74]]

 [[      629.4      321.24]
  [     634.65      317.08]
  [     629.15      316.81]
  [     650.34      320.28]
  [          0           0]
  [     670.54      350.67]
  [      626.4      349.34]
  [      679.8      393.04]
  [     618.07      386.37]
  [     672.55      430.81]
  [     610.38      419.46]
  [     657.26      435.05]
  [      627.3      433.06]
  [     660.57      497.87]
  [     623.39      495.15]
  [     665.19      557.12]
  [     626.97      555.59]]]