[[[     638.47      328.96]
  [     642.08      324.77]
  [      633.4       324.8]
  [     646.39      327.23]
  [     624.11      327.02]
  [     656.56      355.71]
  [     610.96      354.59]
  [     667.31      391.77]
  [     600.33      387.69]
  [     666.05      422.97]
  [      595.1      419.06]
  [     647.58      430.27]
  [     617.69      430.36]
  [     650.76      486.78]
  [     623.74      487.03]
  [     655.66      538.81]
  [     627.54      538.52]]

 [[     496.94      321.37]
  [     497.29      317.15]
  [     492.49      316.81]
  [          0           0]
  [     477.94      319.54]
  [     490.57       348.9]
  [     460.15      347.95]
  [     496.76      385.94]
  [     458.93       384.6]
  [     508.62      408.78]
  [     488.33      409.34]
  [     487.72      428.58]
  [     467.57      430.26]
  [     485.75      485.86]
  [      467.8      491.62]
  [     478.14      539.89]
  [     463.44      549.28]]]