[[[     952.57       156.5]
  [     968.07       141.7]
  [     938.09      145.13]
  [     996.76      153.87]
  [     921.57      162.08]
  [     1030.4      241.45]
  [     884.42      248.02]
  [     1051.3       351.4]
  [     826.64      348.06]
  [     1017.4      442.28]
  [     861.85      327.72]
  [     974.47      476.43]
  [     874.14      473.25]
  [     963.72      640.64]
  [     840.52      632.66]
  [          0           0]
  [          0           0]]

 [[     654.54      154.13]
  [          0           0]
  [     645.76      135.66]
  [          0           0]
  [     591.46      134.15]
  [     619.49      243.79]
  [     513.36      226.77]
  [     612.12      381.07]
  [      468.7      363.92]
  [     614.98      472.03]
  [     488.67      506.91]
  [     577.91      509.34]
  [     505.08      502.42]
  [          0           0]
  [     477.93      692.17]
  [          0           0]
  [          0           0]]]