[[[     752.76      322.73]
  [     758.05      318.91]
  [     752.75      318.91]
  [      775.8      322.56]
  [          0           0]
  [      801.2      352.69]
  [     748.01      353.49]
  [     818.42      392.49]
  [     738.59      393.09]
  [      818.9      430.98]
  [     734.56      430.88]
  [     791.61      438.87]
  [     756.27      438.63]
  [     797.29       504.4]
  [     757.74      503.16]
  [     800.75      564.89]
  [     761.71      565.25]]

 [[     648.15      319.68]
  [     654.89      315.61]
  [     645.15      314.35]
  [     666.47      320.21]
  [     640.66      317.43]
  [     676.55      349.65]
  [     630.02      347.18]
  [     677.32      389.56]
  [     621.23      386.16]
  [     659.79      415.77]
  [     614.89      420.46]
  [     663.22      432.82]
  [     631.32       430.7]
  [     665.57      496.68]
  [     627.27      492.88]
  [     667.22      558.43]
  [        631      554.65]]]