[[[     782.83      318.47]
  [     788.32      315.32]
  [     780.07      314.06]
  [     797.42      318.92]
  [     774.53      315.41]
  [     806.98      345.89]
  [     759.81       340.9]
  [     815.41      380.46]
  [     748.84      370.96]
  [     815.53      412.88]
  [     744.76      402.07]
  [     792.91      415.51]
  [     761.67      412.92]
  [     789.88      468.46]
  [     758.51      465.17]
  [     787.15      519.57]
  [     754.92      515.13]]

 [[     670.24      313.16]
  [     674.94      309.86]
  [     666.91      308.59]
  [     679.28      314.58]
  [     658.64      310.87]
  [     684.45      343.57]
  [     640.04      339.11]
  [     692.34       376.8]
  [     626.01      369.69]
  [     696.53      405.59]
  [     615.25      399.15]
  [     675.94      412.68]
  [     646.54      411.37]
  [     676.38      464.08]
  [     644.26      463.31]
  [     677.02      510.92]
  [     643.24      510.06]]]