[[[     745.26      345.64]
  [     749.53      341.42]
  [     740.73      341.73]
  [     757.04      344.47]
  [     733.68      344.84]
  [     769.03      372.88]
  [      722.7      373.72]
  [     780.28      404.61]
  [     714.68       406.3]
  [      785.2      436.14]
  [     713.12      436.83]
  [     763.35      445.53]
  [     732.25         446]
  [     765.11      497.14]
  [     729.24       497.7]
  [     766.15      548.57]
  [     726.92      548.23]]

 [[     655.31      337.41]
  [          0           0]
  [     650.31      333.71]
  [          0           0]
  [     637.91      341.19]
  [     644.19      370.59]
  [     633.21       372.9]
  [          0           0]
  [     630.75      412.91]
  [          0           0]
  [     644.07      449.24]
  [      645.3      447.48]
  [      638.8      448.82]
  [     640.14      509.87]
  [      636.4      511.84]
  [     633.12      567.11]
  [     629.18      572.37]]]