[[[     757.15      333.27]
  [     761.41      329.82]
  [      753.6      329.19]
  [     767.21      332.72]
  [     746.92      330.97]
  [     775.83      356.39]
  [     734.49      355.23]
  [     786.47      388.04]
  [     726.02      386.97]
  [     787.52      416.75]
  [     723.24      414.44]
  [     769.01      419.32]
  [     741.57      419.21]
  [     771.32      467.81]
  [     745.54       467.6]
  [     776.39      515.01]
  [      746.4      514.18]]

 [[     654.93      328.06]
  [     657.53      324.38]
  [     651.89      325.46]
  [     664.55      327.22]
  [          0           0]
  [     680.71      349.48]
  [     643.98      350.62]
  [     694.12      381.35]
  [     640.98      370.82]
  [     693.03      410.99]
  [     657.26      345.73]
  [     677.36      415.27]
  [     652.22      415.46]
  [      676.9      464.56]
  [     648.29      464.55]
  [     676.84      512.22]
  [     645.93      508.89]]]