[[[     744.83      325.46]
  [     749.15      320.53]
  [     739.88      321.48]
  [     758.48      323.45]
  [      733.7      325.84]
  [     775.98      355.44]
  [     724.35      357.99]
  [     790.69       391.2]
  [     715.82      393.47]
  [     789.24      426.67]
  [     712.28      428.13]
  [     767.03       439.7]
  [     732.18       440.4]
  [     771.45      499.55]
  [      729.5      500.12]
  [     774.83      555.23]
  [     727.72      555.78]]

 [[     639.63      341.26]
  [     643.06      336.59]
  [     636.19      334.96]
  [          0           0]
  [     620.72      329.94]
  [     635.41      347.26]
  [     604.87      357.29]
  [     665.65      351.82]
  [     605.45      403.72]
  [     646.82      334.73]
  [      614.7       439.7]
  [     634.11      438.06]
  [     616.15      441.72]
  [     618.37      507.77]
  [     613.16      511.78]
  [     617.27      574.09]
  [     605.44      578.92]]]