[[[     588.89      339.88]
  [     593.69      335.51]
  [     585.54      335.23]
  [     604.12      334.61]
  [     581.48      333.84]
  [     617.44      361.13]
  [     571.31       356.9]
  [     630.78      394.23]
  [      558.1      390.94]
  [     641.75      386.63]
  [     556.04      418.27]
  [     608.47      436.44]
  [      577.5      435.31]
  [     613.43      491.02]
  [     573.57       491.9]
  [     612.36      538.45]
  [     573.81       546.5]]

 [[     506.99      359.38]
  [          0           0]
  [     506.72      352.84]
  [          0           0]
  [     495.57      341.56]
  [     485.45      367.28]
  [     466.69      359.24]
  [     486.03      414.29]
  [     452.66      399.08]
  [     494.89      443.51]
  [      459.4      439.46]
  [     483.08      446.66]
  [     472.87      445.27]
  [     478.46      509.28]
  [     477.71      508.93]
  [     473.74      567.83]
  [     472.43      570.06]]]