[[[     566.94      342.26]
  [     570.82      338.77]
  [     563.44      338.07]
  [     575.28       341.4]
  [     555.95      339.33]
  [     582.09      366.17]
  [     541.61      363.62]
  [      588.7      397.06]
  [     531.47      394.64]
  [     586.58      423.56]
  [     526.27      424.19]
  [     569.19       429.2]
  [     542.46      427.74]
  [     568.04      478.24]
  [     539.44      476.47]
  [     565.77      523.61]
  [     538.03      521.11]]

 [[     460.76      346.04]
  [     464.23      341.79]
  [      456.9      342.38]
  [     469.73      340.08]
  [     450.31      341.29]
  [     479.89      359.23]
  [     441.23      361.45]
  [     490.25      391.13]
  [     434.86      382.93]
  [     490.43       413.3]
  [     451.65      363.26]
  [     470.62      425.53]
  [     444.46      426.94]
  [     470.17      474.93]
  [     439.67      477.12]
  [     469.33       521.8]
  [      437.4      522.13]]]