[[[     752.55      323.89]
  [     757.16      319.93]
  [     748.47      319.46]
  [     763.39      323.64]
  [     740.57      321.98]
  [     772.37      349.87]
  [     727.12      350.22]
  [     785.24      379.44]
  [     717.66      380.45]
  [      780.3       380.4]
  [     735.67      367.68]
  [     766.67      422.69]
  [     735.96      423.55]
  [     768.99      474.51]
  [     731.34      476.29]
  [     769.05      525.29]
  [     728.28      526.25]]

 [[     649.14      325.51]
  [          0           0]
  [     645.71      321.13]
  [          0           0]
  [     631.62      324.19]
  [     632.45      353.61]
  [     616.74      353.79]
  [          0           0]
  [     613.91      392.75]
  [          0           0]
  [     627.49      427.73]
  [     633.56      428.45]
  [     623.59      429.62]
  [     630.81      487.04]
  [      620.5      488.76]
  [     631.63      541.36]
  [     617.69      545.23]]]