[[[     734.37      334.68]
  [     737.65      330.85]
  [     730.03      331.44]
  [     743.61      332.87]
  [     723.66      334.21]
  [     755.75      357.22]
  [     715.25      359.69]
  [     765.46      387.99]
  [     707.53      392.01]
  [      767.3      417.32]
  [     701.27      420.79]
  [     751.76      424.38]
  [     725.22      425.61]
  [     753.48      472.94]
  [      728.3      473.83]
  [     756.64      518.86]
  [     732.29      518.74]]

 [[     663.33      338.95]
  [     665.14      335.07]
  [     659.16      334.65]
  [          0           0]
  [     646.23      335.59]
  [     655.52      361.72]
  [     636.37      360.74]
  [          0           0]
  [     635.24      394.96]
  [          0           0]
  [     645.82      425.49]
  [     656.75      428.25]
  [     645.19      428.85]
  [     649.55      482.59]
  [     642.64      484.37]
  [     642.36      532.82]
  [     637.55      536.54]]]