[[[     589.19      375.89]
  [     601.27      368.12]
  [     584.18      366.92]
  [      627.9      376.18]
  [          0           0]
  [     656.61      433.32]
  [     570.05      434.07]
  [     682.33      509.61]
  [     557.94      510.31]
  [        647      580.66]
  [      548.7       577.9]
  [     628.68       597.4]
  [     572.49      595.88]
  [     630.81      718.67]
  [        581       715.9]
  [     640.78      833.73]
  [     594.56      830.74]]

 [[          0           0]
  [          0           0]
  [      349.3      360.56]
  [          0           0]
  [     331.93       364.1]
  [     240.09      436.17]
  [     341.67      441.41]
  [          0           0]
  [     363.91      554.27]
  [          0           0]
  [     391.65       623.2]
  [      258.9      650.87]
  [     326.01      655.93]
  [     306.54      797.84]
  [     336.83      800.19]
  [     310.05      945.19]
  [     311.77      952.45]]]