[[[     902.32      368.89]
  [     910.34      360.43]
  [     891.33      358.51]
  [          0           0]
  [     865.64      363.87]
  [     928.49      429.36]
  [     827.09      423.46]
  [     950.64      505.51]
  [     793.75      500.13]
  [      938.8       563.1]
  [     857.55      543.41]
  [     914.07      589.34]
  [     847.59      589.08]
  [     906.22      717.39]
  [     843.05      718.37]
  [     898.08      839.09]
  [     836.69      839.86]]

 [[     1041.2      395.76]
  [     1047.1      386.52]
  [     1029.6      389.48]
  [     1058.6      394.05]
  [     1012.9      401.52]
  [     1090.9      455.22]
  [     993.65       461.6]
  [     1114.1      528.22]
  [     983.75      533.27]
  [     1091.6      590.83]
  [     1023.9       588.3]
  [     1081.7      611.31]
  [     1015.9      615.21]
  [     1103.8      730.05]
  [     1029.9      729.03]
  [     1116.5      844.22]
  [     1041.8      841.99]]

 [[          0           0]
  [          0           0]
  [          0           0]
  [     1144.5      361.87]
  [          0           0]
  [     1171.5      435.92]
  [     1196.6      429.79]
  [     1163.3      537.66]
  [          0           0]
  [     1118.3       590.6]
  [          0           0]
  [     1170.6      645.49]
  [       1187      639.02]
  [     1180.5      798.27]
  [     1169.1      787.85]
  [     1197.4      942.85]
  [     1174.1      925.51]]]