[[[     1012.9      336.69]
  [     1021.1       326.2]
  [     1000.3      324.57]
  [          0           0]
  [     968.87      329.14]
  [     1040.5      404.58]
  [     922.15      402.68]
  [     1069.6      491.45]
  [     888.28       487.6]
  [     1067.9      563.32]
  [     962.05      507.32]
  [     1023.2      596.46]
  [     945.15      598.99]
  [     1014.6      741.92]
  [     943.67      746.48]
  [     1008.4      884.86]
  [     932.37      887.67]]

 [[       1170      363.65]
  [     1180.7      352.38]
  [     1157.7      354.71]
  [     1200.9      361.69]
  [     1141.4      367.69]
  [     1234.3      434.37]
  [     1119.4      441.28]
  [     1254.9      514.93]
  [     1104.2      526.85]
  [     1224.8      579.47]
  [     1151.2      590.56]
  [     1224.7      620.15]
  [     1146.8      624.13]
  [       1247      757.32]
  [     1157.4      753.11]
  [     1266.7      894.51]
  [     1179.4      887.14]]

 [[     1268.4      321.92]
  [     1275.9      305.92]
  [          0           0]
  [     1317.6      302.58]
  [          0           0]
  [     1347.4      400.48]
  [     1371.1      385.21]
  [     1328.4      556.16]
  [          0           0]
  [     1286.5      667.66]
  [          0           0]
  [     1345.7      680.06]
  [     1362.1      668.49]
  [     1364.6      872.97]
  [     1354.7      850.09]
  [     1385.6      1050.4]
  [     1350.7      1014.2]]]