[[[          0           0]
  [          0           0]
  [          0           0]
  [          0           0]
  [     604.83      352.81]
  [     476.82      405.88]
  [     606.31      408.28]
  [     412.13      524.31]
  [      653.1      509.52]
  [      436.5       625.3]
  [     662.89      623.12]
  [      484.7      624.89]
  [     573.45      630.22]
  [     513.58       791.8]
  [     602.35       809.3]
  [      459.7      955.22]
  [     587.43      979.48]]

 [[     277.24       474.5]
  [     288.78      465.14]
  [     268.57       464.2]
  [     309.26      465.41]
  [      255.6      462.84]
  [     334.68      514.54]
  [     231.71       505.1]
  [      366.1      575.27]
  [     162.74      499.08]
  [     385.71      640.28]
  [     100.84      472.54]
  [     319.98      672.35]
  [     253.77      674.29]
  [     344.59      777.57]
  [     263.63      792.09]
  [      359.1       878.5]
  [     275.27      903.06]]

 [[          0           0]
  [          0           0]
  [          0           0]
  [          0           0]
  [          0           0]
  [     679.95      510.23]
  [          0           0]
  [     692.86       578.3]
  [          0           0]
  [     673.09      632.59]
  [          0           0]
  [      659.7      636.17]
  [     624.73      633.76]
  [     661.02      724.54]
  [     618.71      726.94]
  [     646.81      809.97]
  [      623.5      812.81]]]