[[[     1716.4      143.76]
  [     1721.6      119.95]
  [       1676      135.15]
  [          0           0]
  [       1619      185.34]
  [     1840.3      279.76]
  [     1568.5      314.46]
  [          0           0]
  [     1518.4      494.71]
  [          0           0]
  [     1526.7      640.86]
  [     1793.2      678.24]
  [     1612.8      685.05]
  [          0           0]
  [     1554.1      941.58]
  [          0           0]
  [          0           0]]

 [[     1301.3      134.41]
  [     1314.9      115.09]
  [     1275.3       113.8]
  [     1321.9      141.85]
  [     1215.3      138.45]
  [     1347.5      275.94]
  [     1127.8      264.26]
  [     1387.8      445.66]
  [     1065.1      426.77]
  [     1392.7      581.02]
  [     1206.5      496.77]
  [     1311.8      615.52]
  [     1163.8      616.15]
  [     1309.1      892.25]
  [     1162.5      892.22]
  [     1274.3      1072.2]
  [     1159.3        1052]]]