[[[     371.16      408.82]
  [     382.27      401.75]
  [     367.52      400.14]
  [     407.58      408.05]
  [          0           0]
  [     438.65      459.42]
  [     355.64      458.06]
  [     463.71       526.3]
  [     348.99      520.71]
  [     426.89      587.01]
  [     330.76      572.89]
  [     408.78      602.58]
  [      353.9      598.64]
  [     406.53      705.95]
  [     347.63      700.13]
  [     398.04       807.3]
  [     356.97      798.95]]

 [[          0           0]
  [          0           0]
  [          0           0]
  [          0           0]
  [     151.91      407.74]
  [     59.263       470.9]
  [     173.75      470.34]
  [     43.238       575.7]
  [      195.1      578.78]
  [          0           0]
  [     205.97       631.6]
  [     61.914       653.8]
  [      143.5      653.74]
  [          0           0]
  [          0           0]
  [          0           0]
  [          0           0]]

 [[      97.07      415.79]
  [     97.049       406.6]
  [     85.566      408.62]
  [          0           0]
  [     54.917      417.37]
  [     100.73      463.08]
  [     24.078      473.17]
  [          0           0]
  [      7.634      541.66]
  [          0           0]
  [          0           0]
  [          0           0]
  [          0           0]
  [          0           0]
  [          0           0]
  [          0           0]
  [          0           0]]]