[[[     440.01      444.34]
  [     450.07      438.44]
  [     436.93      436.76]
  [     472.21      444.85]
  [          0           0]
  [     496.74      489.65]
  [     426.02      486.77]
  [     521.08      547.83]
  [     421.13      544.99]
  [     491.55      602.69]
  [     413.29      599.16]
  [     467.84      615.93]
  [     420.92      612.05]
  [     469.74      710.62]
  [     417.36      705.58]
  [     468.23      800.72]
  [     421.96      791.94]]

 [[          0           0]
  [          0           0]
  [          0           0]
  [          0           0]
  [     262.53       449.3]
  [     189.98      507.67]
  [     273.17       509.1]
  [          0           0]
  [     303.79      593.48]
  [          0           0]
  [     308.25      652.44]
  [     197.73      663.68]
  [     254.83      665.18]
  [     201.26      762.89]
  [     252.53      760.73]
  [     205.63       864.9]
  [     255.65      865.58]]

 [[     194.97      454.92]
  [          0           0]
  [     187.45      448.39]
  [          0           0]
  [     158.23      455.96]
  [      169.4       503.6]
  [     125.27      501.88]
  [          0           0]
  [     110.22      572.19]
  [          0           0]
  [     172.63      616.82]
  [     156.97      644.34]
  [     128.67      646.44]
  [     165.31      751.02]
  [     142.53      750.61]
  [     172.36      870.18]
  [     147.74      871.02]]]