[[[     299.94      291.06]
  [          0           0]
  [      294.8      270.64]
  [          0           0]
  [     255.07      281.58]
  [     127.51      387.63]
  [      256.9      389.71]
  [          0           0]
  [     288.69      545.99]
  [          0           0]
  [     343.03      658.68]
  [     156.03      712.74]
  [     242.56      717.36]
  [     167.06      965.29]
  [     262.66      964.33]
  [          0           0]
  [          0           0]]

 [[     675.79      310.71]
  [     692.63      300.05]
  [     671.45      297.46]
  [     730.81      312.03]
  [          0           0]
  [     766.37      387.97]
  [      666.7      387.03]
  [      801.5      491.54]
  [     659.63      492.31]
  [      732.5       580.6]
  [     639.35      581.24]
  [     736.92      608.33]
  [     670.67      603.52]
  [     745.33         777]
  [      680.8       766.7]
  [     757.46      937.69]
  [     693.69      920.55]]

 [[     356.43      351.36]
  [     369.32      340.58]
  [     340.55      338.68]
  [          0           0]
  [     309.23      350.67]
  [     389.61      438.96]
  [     280.63      434.34]
  [     391.09      537.53]
  [          0           0]
  [          0           0]
  [          0           0]
  [     380.79      645.75]
  [     308.82      646.97]
  [     358.58      805.42]
  [     300.99      811.59]
  [     345.29      951.35]
  [     291.94      955.81]]]