[[[     238.15      217.04]
  [          0           0]
  [     229.21      188.21]
  [          0           0]
  [     165.95      184.35]
  [     30.877      323.91]
  [     170.58      328.31]
  [          0           0]
  [     197.52      540.11]
  [          0           0]
  [      278.6      695.96]
  [     52.993      757.59]
  [     154.93      765.07]
  [          0           0]
  [          0           0]
  [          0           0]
  [          0           0]]

 [[     748.27      245.79]
  [      768.2      229.61]
  [     739.99      230.46]
  [     817.44      243.87]
  [          0           0]
  [     878.11      343.37]
  [     740.72      349.81]
  [     922.92      473.74]
  [     737.96      481.81]
  [     866.28      595.32]
  [     711.52         586]
  [      840.2      620.75]
  [      742.6      617.71]
  [      848.9         832]
  [     756.54      824.81]
  [      859.5      1030.4]
  [     775.38      1019.8]]

 [[      358.9      304.21]
  [     377.32      288.86]
  [     341.65      289.55]
  [     407.17       302.2]
  [     316.67      302.32]
  [     437.67      408.93]
  [     280.63      402.59]
  [          0           0]
  [          0           0]
  [          0           0]
  [          0           0]
  [     418.07      665.86]
  [     313.07      662.52]
  [     398.08      852.88]
  [     285.29      848.85]
  [     359.34      1026.1]
  [     251.45      1021.9]]]