[[[     606.45      436.36]
  [     608.36      426.46]
  [          0           0]
  [     625.05      411.04]
  [          0           0]
  [     644.14      448.92]
  [     693.52       441.2]
  [     660.57      525.37]
  [          0           0]
  [     639.43      608.85]
  [          0           0]
  [      671.2      613.27]
  [     715.35       609.3]
  [     620.32      725.88]
  [     726.33      723.98]
  [     615.47      838.17]
  [     743.99      835.82]]

 [[     198.34      468.08]
  [     202.72       458.4]
  [          0           0]
  [     229.94      451.42]
  [          0           0]
  [     244.13      492.67]
  [     276.24       490.9]
  [     260.41      558.77]
  [          0           0]
  [     219.31      597.43]
  [          0           0]
  [     238.96      627.59]
  [      268.7      624.26]
  [     196.77         727]
  [          0           0]
  [          0           0]
  [          0           0]]]