[[[     1613.2      197.38]
  [     1626.5      177.27]
  [     1582.7      185.85]
  [       1651      202.75]
  [     1537.7       225.5]
  [     1730.7      310.05]
  [     1495.7      345.15]
  [       1839       403.5]
  [     1448.6      495.35]
  [     1760.4      463.06]
  [     1443.9       625.4]
  [       1689      665.38]
  [     1532.8      673.07]
  [     1678.7      905.96]
  [     1496.4      910.35]
  [          0           0]
  [          0           0]]

 [[     1221.4       179.5]
  [     1234.5      162.15]
  [     1198.2      161.91]
  [          0           0]
  [     1146.4      186.59]
  [     1274.9      307.64]
  [       1070      306.13]
  [     1317.3      453.61]
  [     1021.4      451.21]
  [     1313.8       584.2]
  [     1152.6         485]
  [     1254.1      611.82]
  [     1118.9      619.01]
  [     1257.5      850.26]
  [       1119      856.84]
  [     1230.4      1058.7]
  [     1133.1      1061.1]]]