[[[     761.86      322.36]
  [     774.45       310.3]
  [     758.08      311.73]
  [     814.55      319.25]
  [          0           0]
  [     873.06      402.14]
  [     754.74      414.14]
  [     929.85       490.2]
  [     739.52      520.85]
  [      911.8      586.34]
  [     722.63      609.22]
  [     843.79      625.23]
  [     767.12      626.44]
  [     858.55      783.61]
  [     774.38      775.64]
  [     880.16      936.44]
  [     798.26      923.17]]

 [[     608.66      349.29]
  [     626.82      342.92]
  [     602.23      340.62]
  [     659.41      367.73]
  [     595.71       358.6]
  [     687.25      459.32]
  [     563.26      415.17]
  [     699.69       550.1]
  [      482.1      386.62]
  [     657.17      633.13]
  [      421.5      336.54]
  [     635.89      642.36]
  [     556.82      623.23]
  [     639.09      779.53]
  [     548.03       775.8]
  [     646.07      915.83]
  [     564.02      905.95]]

 [[     1005.5      241.27]
  [       1023      226.84]
  [     998.96      230.49]
  [     1070.7      238.36]
  [          0           0]
  [     1128.7      329.87]
  [     980.44      343.54]
  [     1151.3      455.23]
  [     953.55      468.17]
  [     1042.9      545.98]
  [     981.08       539.5]
  [       1105       587.3]
  [     1007.1      590.87]
  [     1122.6       789.2]
  [       1026      788.97]
  [     1149.6      990.23]
  [     1059.8      970.39]]]