[[[     775.85      457.98]
  [     780.07      451.88]
  [     768.92      451.49]
  [          0           0]
  [     751.89      453.35]
  [     790.31      489.54]
  [     726.53      488.77]
  [     804.02      533.59]
  [     708.03      534.44]
  [     803.11      567.12]
  [     743.46      561.45]
  [      782.2      588.95]
  [     740.39      589.93]
  [     781.38      664.19]
  [     736.41      665.61]
  [     774.64      737.07]
  [     733.52       737.9]]

 [[     871.94      474.02]
  [     876.59      467.43]
  [          0           0]
  [     890.55      471.52]
  [          0           0]
  [     896.47      510.58]
  [     915.67       508.5]
  [      891.8      566.27]
  [          0           0]
  [     886.03      614.29]
  [          0           0]
  [     901.55      614.55]
  [     914.21       612.5]
  [     896.69      692.31]
  [     908.47      690.59]
  [     908.03      770.36]
  [     914.92      763.36]]

 [[     860.35      473.11]
  [     866.51      467.57]
  [     855.53      468.13]
  [     877.56      471.32]
  [      847.9      472.61]
  [     886.06      507.66]
  [     836.85      508.36]
  [     891.29      551.39]
  [     823.05      551.64]
  [      884.5      590.14]
  [     823.61       590.6]
  [     874.01      599.73]
  [     841.82      599.49]
  [     876.31       668.9]
  [     844.34      667.51]
  [     873.76      738.21]
  [     841.35      737.39]]]