[[[     919.01      412.85]
  [        925         405]
  [     910.37      404.05]
  [          0           0]
  [     889.28      402.89]
  [     941.43      452.84]
  [     855.25      450.59]
  [     966.86      515.61]
  [      831.4      516.67]
  [     959.37      569.76]
  [     882.68      550.95]
  [     930.82      586.26]
  [     875.17      587.85]
  [     929.73      689.73]
  [     878.23      692.17]
  [     928.89      790.83]
  [     877.02      791.67]]

 [[     1045.7      428.79]
  [     1049.3       420.3]
  [     1034.8      423.76]
  [       1057      424.87]
  [     1020.2      433.94]
  [     1086.7      471.44]
  [     1009.5      480.25]
  [     1105.8       528.7]
  [     994.44       536.8]
  [     1074.8      527.63]
  [     1025.9      522.84]
  [     1077.2      602.16]
  [     1025.8      605.68]
  [     1090.6      701.87]
  [     1032.4      700.95]
  [     1095.6      792.46]
  [     1045.9      789.33]]

 [[          0           0]
  [     1085.2      407.85]
  [          0           0]
  [     1099.7      411.82]
  [          0           0]
  [     1126.9      469.64]
  [     1151.8      462.05]
  [     1111.4      558.45]
  [     1136.1      536.07]
  [     1071.8      588.42]
  [          0           0]
  [     1130.6      627.99]
  [     1147.3      622.72]
  [     1136.2      744.52]
  [     1136.8      738.13]
  [     1161.9      854.83]
  [     1151.6      847.48]]]