[[[      631.6       391.7]
  [     642.94      383.77]
  [     626.59      382.89]
  [     668.94      389.45]
  [          0           0]
  [     697.33      442.86]
  [     616.36      444.42]
  [     721.56      514.81]
  [     606.98      516.62]
  [     692.55      581.92]
  [     595.82      580.06]
  [     673.38      599.11]
  [     620.69         598]
  [     679.97      713.78]
  [     630.53      710.73]
  [     683.44      825.31]
  [     640.06      821.93]]

 [[          0           0]
  [          0           0]
  [          0           0]
  [          0           0]
  [     407.24      389.97]
  [      316.6      458.94]
  [     411.98       461.6]
  [          0           0]
  [     433.27       557.9]
  [          0           0]
  [     464.25      610.84]
  [     335.76      652.09]
  [     401.64       655.2]
  [     355.55      790.73]
  [     406.25      789.55]
  [     362.45      928.67]
  [     395.88      930.68]]]