[[[          0           0]
  [          0           0]
  [          0           0]
  [          0           0]
  [          0           0]
  [          0           0]
  [     1225.9      37.738]
  [          0           0]
  [     1212.9      450.45]
  [          0           0]
  [     1394.1      828.99]
  [     1196.3      888.59]
  [     1187.8      907.38]
  [          0           0]
  [          0           0]
  [          0           0]
  [          0           0]]

 [[     1708.5      97.035]
  [     1731.9      70.457]
  [     1666.3      79.805]
  [     1765.2       102.3]
  [     1604.9      122.84]
  [     1806.3      276.13]
  [     1532.5      267.66]
  [     1766.4      470.51]
  [     1432.7      454.77]
  [     1701.1      611.33]
  [     1507.1      585.64]
  [     1719.4      705.14]
  [     1532.6      694.95]
  [     1688.3      1010.5]
  [     1491.9       998.6]
  [          0           0]
  [          0           0]]]