[[[     349.62      446.93]
  [     356.63      441.19]
  [     345.53      441.01]
  [     373.33      444.31]
  [          0           0]
  [     398.82      481.88]
  [     332.59      482.82]
  [     423.81      528.97]
  [     318.26       527.4]
  [     396.94      571.91]
  [     315.86      570.02]
  [     381.25      584.52]
  [     337.86      584.22]
  [     385.46      658.73]
  [     344.11      658.95]
  [     390.61      729.92]
  [     355.22      729.86]]

 [[          0           0]
  [          0           0]
  [          0           0]
  [     191.13      458.45]
  [     227.52      457.26]
  [     166.89       502.9]
  [     249.19      499.06]
  [     148.23      561.51]
  [     273.66      558.38]
  [     168.92      592.73]
  [     275.83      605.22]
  [     181.11      625.78]
  [     237.74      624.52]
  [     184.85       695.3]
  [     255.54       688.4]
  [     187.22      777.37]
  [     241.28       769.4]]

 [[     160.66      454.54]
  [     159.51      448.81]
  [     152.33      449.54]
  [          0           0]
  [      129.5      455.83]
  [     147.63      494.31]
  [     114.04      492.15]
  [          0           0]
  [     99.089      544.53]
  [          0           0]
  [     146.29      573.35]
  [     139.73      604.72]
  [     118.23      604.83]
  [     150.66      680.11]
  [     125.95      677.35]
  [     126.72      760.47]
  [     104.38      757.21]]]