[[[     605.52      469.71]
  [     609.89      464.54]
  [     599.48      464.89]
  [     616.19      468.11]
  [     589.16      468.58]
  [     629.74      502.32]
  [     574.11      502.96]
  [     642.92      545.96]
  [     557.64      547.17]
  [     652.15      586.02]
  [     546.66      591.86]
  [      621.1      588.61]
  [      585.1      589.37]
  [     622.06      652.98]
  [     583.23      655.15]
  [     621.86      713.98]
  [      582.6      717.36]]

 [[     703.15      489.13]
  [     708.36      484.28]
  [     700.92      484.49]
  [     720.96      485.78]
  [          0           0]
  [     737.58      514.44]
  [     693.12         516]
  [     749.42      553.78]
  [     684.11      555.43]
  [     741.39      590.95]
  [     680.62      594.24]
  [     729.29      590.89]
  [     700.69      590.81]
  [     736.79      649.85]
  [     699.82      649.36]
  [     741.85      706.91]
  [     701.01      705.85]]

 [[     743.42      488.93]
  [     747.07      483.15]
  [          0           0]
  [      760.6      485.45]
  [          0           0]
  [     771.66      517.04]
  [     789.89      514.22]
  [      766.3      563.51]
  [          0           0]
  [     751.06      591.29]
  [          0           0]
  [     776.52      602.64]
  [     788.48      599.82]
  [     775.65         668]
  [     775.86      666.64]
  [     783.77      733.81]
  [     780.02      731.82]]]