[[[     403.94      490.27]
  [     408.97      483.59]
  [     399.71      484.26]
  [     423.09      478.18]
  [          0           0]
  [     446.23         499]
  [     387.29      502.67]
  [     466.95      540.62]
  [     367.41      536.63]
  [     446.63      573.39]
  [     386.77      518.57]
  [     434.94       589.8]
  [     396.01      591.36]
  [     437.73      655.14]
  [     394.16      658.81]
  [     444.43      723.38]
  [     394.24      726.55]]

 [[     712.53       488.7]
  [     716.49      483.41]
  [     708.27      484.76]
  [      727.8      483.68]
  [          0           0]
  [     749.42      509.99]
  [     699.64      518.27]
  [     765.04      546.85]
  [     687.56      547.96]
  [     753.02      578.88]
  [     703.38      532.92]
  [     742.16       591.6]
  [      709.5      596.44]
  [     746.81      646.44]
  [      711.9      655.88]
  [     751.64      699.62]
  [     721.84      710.38]]]