[[[     613.66      475.68]
  [     619.01      470.94]
  [     608.57      470.48]
  [     627.19      471.94]
  [     598.83      470.21]
  [     639.72      503.55]
  [     582.41      501.75]
  [     653.68      539.63]
  [     565.28      537.57]
  [     651.39      576.41]
  [     563.88      580.12]
  [     627.07      589.55]
  [     590.55      589.07]
  [     623.28      652.73]
  [      591.3      651.93]
  [     613.51      714.31]
  [     590.85      714.26]]

 [[          0           0]
  [          0           0]
  [          0           0]
  [     807.23      471.29]
  [          0           0]
  [     802.95      507.62]
  [     857.89      508.18]
  [     785.77      557.22]
  [     870.84       561.8]
  [     776.07      593.16]
  [        853      600.25]
  [     812.77      608.16]
  [     849.62      607.31]
  [     810.76      680.64]
  [     842.41      677.04]
  [      820.5      754.92]
  [     843.33      746.12]]

 [[     716.85      494.56]
  [     721.91      489.85]
  [      714.1      490.02]
  [     734.71      489.72]
  [          0           0]
  [     754.14       518.3]
  [      704.5      519.27]
  [     766.11      554.61]
  [     694.85      555.21]
  [     753.74      589.54]
  [     693.19      588.79]
  [      740.2         598]
  [     706.91      596.36]
  [      739.3      655.86]
  [     699.58      650.55]
  [     742.12      713.52]
  [     701.87      704.93]]]