[[[     240.82       422.1]
  [     254.07      408.99]
  [     227.71      408.28]
  [     270.88      404.99]
  [     202.52      402.96]
  [     288.84      465.08]
  [     164.55      471.62]
  [     305.48      555.06]
  [     129.98      576.05]
  [     320.66      630.64]
  [     162.95      646.38]
  [     275.97      659.65]
  [     192.47       667.1]
  [     289.62      788.09]
  [     195.79      805.12]
  [     289.79      906.32]
  [     195.88      934.21]]

 [[     610.77      414.98]
  [     616.57      404.13]
  [          0           0]
  [     644.08      397.79]
  [          0           0]
  [     653.77      451.51]
  [     710.52       442.7]
  [     654.48      530.98]
  [     745.44      516.24]
  [     621.75      585.44]
  [     693.26      557.55]
  [     680.88      617.57]
  [      720.3      610.42]
  [     674.81      740.58]
  [     726.54      719.72]
  [     722.24      857.49]
  [     761.91      822.63]]]