[[[          0           0]
  [          0           0]
  [          0           0]
  [          0           0]
  [          0           0]
  [     1768.8      53.615]
  [       1347      92.957]
  [     1874.5      320.62]
  [     1279.7         374]
  [     1623.9      561.52]
  [     1369.9      537.31]
  [     1691.5      679.42]
  [     1403.8      688.52]
  [          0           0]
  [          0           0]
  [          0           0]
  [          0           0]]

 [[     906.14       125.7]
  [     928.97      99.831]
  [      900.8      107.58]
  [     1010.4      112.88]
  [          0           0]
  [     1134.2      268.09]
  [     904.23      297.28]
  [     1246.2      440.28]
  [     879.84      491.84]
  [     1205.1      611.61]
  [     851.21      650.66]
  [     1081.9      691.02]
  [     928.48       696.2]
  [     1095.3      976.34]
  [      917.9      984.37]
  [          0           0]
  [          0           0]]

 [[      635.6      223.08]
  [     664.78      205.14]
  [     629.74      202.72]
  [     726.04      232.31]
  [          0           0]
  [        774      369.28]
  [      588.2      365.87]
  [        803      559.32]
  [      556.8      518.37]
  [     733.12       675.5]
  [     514.17      477.26]
  [     701.31      704.28]
  [     574.94      697.39]
  [     721.55      959.18]
  [     561.45      946.14]
  [          0           0]
  [          0           0]]]