[[[     712.56      196.67]
  [     735.47      180.22]
  [     707.14      180.04]
  [     791.55      201.93]
  [          0           0]
  [     852.86      312.65]
  [     699.91      321.59]
  [     906.34      453.88]
  [      697.5      467.47]
  [     840.52      588.23]
  [     677.32      577.17]
  [     813.29      616.44]
  [     708.61      614.99]
  [     828.17      847.16]
  [     730.27      840.87]
  [     836.22      1056.2]
  [     754.71      1052.7]]

 [[     104.91      124.69]
  [          0           0]
  [     85.338      91.642]
  [          0           0]
  [     5.1525      92.635]
  [     13.811      269.51]
  [          0       273.2]
  [     128.41       441.5]
  [      114.6      475.77]
  [     303.93      371.56]
  [     310.49      380.64]
  [     59.846      749.66]
  [     19.326       763.3]
  [          0           0]
  [          0           0]
  [          0           0]
  [          0           0]]

 [[     289.39      281.25]
  [     306.76      262.94]
  [     270.79      262.89]
  [     328.91      277.66]
  [     238.19       277.6]
  [     375.19      391.98]
  [     192.21      395.79]
  [     379.67      537.86]
  [     156.23      546.69]
  [     331.55      586.98]
  [     216.21      576.96]
  [     357.24      668.98]
  [     229.71      670.67]
  [     334.53      873.52]
  [     179.69      880.39]
  [     285.21      1059.4]
  [     150.21      1065.6]]]