[[[     438.28      85.489]
  [          0           0]
  [     414.87      46.382]
  [          0           0]
  [     317.64      37.153]
  [     210.82      211.94]
  [     282.96      213.49]
  [          0           0]
  [     242.18      499.63]
  [          0           0]
  [      429.5      715.21]
  [     243.67      831.79]
  [     279.54      848.23]
  [          0           0]
  [          0           0]
  [          0           0]
  [          0           0]]

 [[     1060.2      125.08]
  [     1085.1      103.54]
  [     1048.3      105.57]
  [     1149.8       120.7]
  [          0           0]
  [     1236.4      248.22]
  [     1045.7      258.59]
  [     1315.5      413.12]
  [     1036.5      436.19]
  [     1232.2      576.82]
  [     1011.4      575.49]
  [     1194.9      622.71]
  [       1057      622.32]
  [     1222.9      906.14]
  [     1090.3      900.56]
  [          0           0]
  [          0           0]]

 [[     681.37      255.93]
  [     688.35      235.89]
  [     657.93      240.58]
  [          0           0]
  [     606.06      263.07]
  [     722.36      375.17]
  [     545.81      372.67]
  [     725.09      516.02]
  [     493.16      508.88]
  [     674.56      589.05]
  [     575.37      583.05]
  [     707.25      670.47]
  [     583.76      671.57]
  [     691.11      891.49]
  [     539.53       903.3]
  [     646.94      1077.9]
  [      497.5        1071]]]