[[[     595.74      248.84]
  [     617.72      234.95]
  [     589.01      233.48]
  [      668.5      250.89]
  [          0           0]
  [     723.89      344.64]
  [     583.46      351.78]
  [     772.57      477.02]
  [     579.16      489.67]
  [     709.16      599.77]
  [     557.07      595.29]
  [     689.31      619.95]
  [     594.27      617.82]
  [     695.05      826.73]
  [     604.59      820.47]
  [     700.31      1027.3]
  [     624.06        1025]]

 [[     186.55      294.12]
  [     203.79      277.22]
  [     165.86      278.69]
  [          0           0]
  [     132.64      292.57]
  [     259.41      405.69]
  [     92.971      402.28]
  [          0           0]
  [     35.824      530.57]
  [          0           0]
  [          0           0]
  [     233.16      675.34]
  [     123.07      673.36]
  [     205.92      870.75]
  [     92.298      866.53]
  [     158.54      1041.1]
  [     53.679        1036]]

 [[          0           0]
  [          0           0]
  [          0           0]
  [          0           0]
  [          0           0]
  [          0           0]
  [      7.348      313.43]
  [          0           0]
  [     18.761      547.05]
  [          0           0]
  [          0           0]
  [          0           0]
  [          0           0]
  [          0           0]
  [          0           0]
  [          0           0]
  [          0           0]]]