[[[      461.1      215.96]
  [     473.65      205.08]
  [     449.16      204.79]
  [     493.28      210.34]
  [        433       210.1]
  [     519.34      272.45]
  [      410.5      274.74]
  [     552.43      357.91]
  [     386.56      356.87]
  [     553.68      436.81]
  [     374.32      428.54]
  [     503.52      450.87]
  [      431.9       453.2]
  [     518.05      581.64]
  [     433.02      588.41]
  [     514.04      702.12]
  [     451.05      707.67]]

 [[     701.12       177.3]
  [     714.68      166.05]
  [     691.94       167.3]
  [     744.54      175.51]
  [     685.56      179.31]
  [     780.96      242.71]
  [     662.42       250.6]
  [     810.79      330.73]
  [     634.82      335.29]
  [     751.73      309.32]
  [     666.83      303.22]
  [     755.52       437.8]
  [     676.57      440.09]
  [     767.59      579.58]
  [     678.88      586.41]
  [     773.66      708.82]
  [     688.25      708.63]]]