[[[     471.07      183.54]
  [     485.17      172.06]
  [     457.12      172.47]
  [     507.46         182]
  [     438.92      183.11]
  [     540.28      255.85]
  [     411.61      258.19]
  [     571.87      354.16]
  [     383.06      355.09]
  [     577.14      444.74]
  [     377.97      445.44]
  [     523.41      463.47]
  [     438.83      466.34]
  [     544.16      623.76]
  [     447.11      628.84]
  [     528.87       708.3]
  [      479.4      712.61]]

 [[     764.75         159]
  [     774.89      146.63]
  [     749.41      149.89]
  [     791.78      159.93]
  [     729.25      167.73]
  [     825.23      235.67]
  [     706.39      242.71]
  [     855.48      324.32]
  [     683.74      334.17]
  [     862.23      393.19]
  [     722.97      397.29]
  [     818.24      442.25]
  [     737.03      447.84]
  [     828.41      583.32]
  [     728.19      594.05]
  [     822.42      708.58]
  [     742.44         709]]]