[[[     576.95      304.34]
  [     581.91      299.79]
  [     571.51      299.57]
  [     587.77      303.56]
  [     561.27      302.43]
  [     593.67      334.79]
  [      547.5      334.01]
  [      602.6      370.99]
  [     536.83       371.7]
  [     606.83      406.16]
  [     542.01      411.46]
  [     588.05      415.99]
  [     557.87      416.53]
  [     584.08      474.28]
  [     556.07      477.23]
  [     580.66      529.32]
  [     552.12      533.84]]

 [[     726.82      293.71]
  [     732.93      288.94]
  [     727.18      288.55]
  [     749.89      292.43]
  [          0           0]
  [     769.01       323.1]
  [     728.14      324.63]
  [     782.31      364.36]
  [     722.34      364.48]
  [     741.08      361.85]
  [     707.16      363.02]
  [     757.01      409.75]
  [     729.91      408.43]
  [     756.05      472.78]
  [      727.7      470.13]
  [     763.03      533.72]
  [     737.84      529.76]]]