[[[     602.87      296.69]
  [     608.45      292.36]
  [     598.31      291.38]
  [     615.99      296.73]
  [      589.7      293.91]
  [     627.01      330.08]
  [     573.52      327.44]
  [     640.97      369.38]
  [     563.92      367.01]
  [     644.14      405.43]
  [     558.49      403.78]
  [     619.23         415]
  [     584.03      414.39]
  [     620.75      478.89]
  [     586.56      478.03]
  [     622.33      538.79]
  [     586.92      537.59]]

 [[     714.52      285.33]
  [     720.34      279.78]
  [      709.2      280.27]
  [     730.91      284.11]
  [     702.51      285.71]
  [     748.45      317.07]
  [     692.72      320.97]
  [     772.19      355.68]
  [     676.38      361.73]
  [     754.16      350.25]
  [     677.57      348.55]
  [     736.79      411.35]
  [     700.42      412.37]
  [     742.81      478.74]
  [     703.96      477.55]
  [     747.87      540.41]
  [     704.97      536.43]]]