[[[     251.16      138.43]
  [     262.95      123.28]
  [     235.51      116.64]
  [          0           0]
  [     173.42      106.17]
  [     247.46      206.32]
  [     114.26      190.01]
  [     269.33      344.06]
  [     87.395      324.75]
  [     318.07      435.94]
  [     160.34      470.35]
  [     300.34      489.34]
  [     206.79      496.53]
  [          0           0]
  [     240.05      704.99]
  [          0           0]
  [          0           0]]

 [[     582.87      181.93]
  [     591.51      169.87]
  [     568.49      172.68]
  [     603.73      177.72]
  [     547.32      184.23]
  [        631       249.3]
  [     531.41         256]
  [     678.07      329.35]
  [     523.52      336.57]
  [     693.49       410.4]
  [     523.11      411.97]
  [     644.72      434.27]
  [     578.66      441.72]
  [     682.99       560.3]
  [     598.49       569.2]
  [     718.54      689.03]
  [     641.59      692.88]]]