[[[      769.7      300.46]
  [     774.22       295.1]
  [     767.57      295.36]
  [     788.87      289.58]
  [          0           0]
  [     811.93      312.91]
  [     764.49      312.43]
  [     828.52      347.54]
  [     757.09      346.85]
  [     839.22      381.69]
  [     749.68      379.61]
  [     799.74      392.26]
  [     767.89      389.92]
  [     803.45      447.75]
  [      758.8      440.86]
  [     797.28      500.96]
  [     756.07      492.22]]

 [[     661.71      300.92]
  [     665.61      296.22]
  [     656.81      296.23]
  [     670.44      296.18]
  [      647.9      296.11]
  [     679.66       320.4]
  [     635.56      320.13]
  [     692.61      353.38]
  [     624.32      352.93]
  [     695.24      385.25]
  [     620.01      380.83]
  [     670.47      392.89]
  [     641.25      392.95]
  [     674.69      446.45]
  [     640.12      446.47]
  [     675.52       495.9]
  [     642.24      496.45]]]