[[[     604.31      302.94]
  [     607.44       299.1]
  [     599.63      299.78]
  [     613.15      301.92]
  [     592.49      303.43]
  [     625.25      327.49]
  [     583.69      328.59]
  [     637.02       356.8]
  [     575.71       359.4]
  [      640.1      381.75]
  [     585.64      386.86]
  [     620.48      393.53]
  [     592.67       394.2]
  [     625.47      441.58]
  [     591.49      441.02]
  [     627.59      488.41]
  [     593.07      487.94]]

 [[      666.8      301.69]
  [     671.62       297.2]
  [     662.99      297.64]
  [     681.91      299.59]
  [          0           0]
  [     689.11       325.9]
  [     666.07      326.52]
  [     693.64      363.54]
  [          0           0]
  [     684.47      394.78]
  [          0           0]
  [     678.01      397.11]
  [     663.22      396.47]
  [     680.27      453.63]
  [     671.31      451.48]
  [     689.34      507.36]
  [      679.4      502.48]]]