[[[     606.06       302.8]
  [     609.04      299.24]
  [     601.87      299.84]
  [      614.7      301.72]
  [     595.21      303.13]
  [     627.35      324.61]
  [     586.42      324.74]
  [     636.88      350.61]
  [     579.62      344.43]
  [     626.57      362.88]
  [      588.1      346.11]
  [     619.92      390.05]
  [      591.8      390.35]
  [      624.4      439.85]
  [     590.92      439.86]
  [     628.72      488.29]
  [     592.82      488.38]]

 [[     656.05      304.52]
  [     658.98      300.69]
  [          0           0]
  [     670.07      301.66]
  [          0           0]
  [     683.93      325.85]
  [     670.26       325.9]
  [     689.35      361.52]
  [          0           0]
  [      679.6      392.01]
  [          0           0]
  [     677.99      396.81]
  [     669.47      396.21]
  [      678.9      451.87]
  [      671.7       451.5]
  [      685.3      504.05]
  [     677.46      501.19]]]