[[[     302.53      183.61]
  [     317.65      172.48]
  [     290.94       165.2]
  [      320.6      179.05]
  [      251.7       160.2]
  [     313.37      249.89]
  [     201.54      236.29]
  [     316.42      358.34]
  [      175.1      350.29]
  [     333.08      439.01]
  [     210.15      465.87]
  [     311.71      477.84]
  [     234.24      476.29]
  [     289.88      647.73]
  [     217.77      652.56]
  [          0           0]
  [          0           0]]

 [[     557.77       219.6]
  [     567.49      208.91]
  [     546.76      210.23]
  [     582.19      214.46]
  [     531.18      217.34]
  [     603.68      273.02]
  [     516.78      277.74]
  [     634.94      345.12]
  [     502.79      350.75]
  [      636.4      412.54]
  [     490.53      418.21]
  [      600.2       432.7]
  [     541.06      436.24]
  [     618.83      541.72]
  [     542.45      546.83]
  [     637.43      658.66]
  [     571.43      659.07]]]