[[[          0           0]
  [     469.77      211.36]
  [          0           0]
  [     489.04      196.68]
  [          0           0]
  [     520.67       237.7]
  [     547.91      237.15]
  [     554.43      328.06]
  [          0           0]
  [     538.26      424.47]
  [          0           0]
  [     541.63      434.44]
  [     565.94      434.47]
  [     515.47      585.38]
  [     550.24      588.67]
  [     549.83      709.71]
  [          0           0]]

 [[     165.85      271.38]
  [          0           0]
  [     182.49      181.55]
  [          0           0]
  [          0           0]
  [          0           0]
  [          0           0]
  [          0           0]
  [          0           0]
  [          0           0]
  [          0           0]
  [          0           0]
  [          0           0]
  [          0           0]
  [          0           0]
  [          0           0]
  [          0           0]]]