[[[          0           0]
  [          0           0]
  [          0           0]
  [     593.88      253.02]
  [          0           0]
  [     586.84      284.01]
  [     643.42      284.15]
  [     579.19      331.42]
  [     662.05      329.84]
  [     570.89      365.89]
  [     638.05      359.84]
  [     596.58      382.14]
  [     636.56      382.61]
  [     581.16      449.97]
  [     631.03      455.42]
  [     581.18       521.2]
  [     632.51      529.23]]

 [[     677.81       289.7]
  [     682.36      283.69]
  [     671.89      284.17]
  [     689.52      278.54]
  [     662.54      279.36]
  [      702.7      302.36]
  [     655.29      301.86]
  [     717.35      337.14]
  [          0           0]
  [     721.99      371.95]
  [          0           0]
  [     695.82      383.84]
  [     664.67      383.87]
  [     702.72      444.06]
  [     666.77      443.44]
  [     706.45      502.45]
  [     671.68      498.65]]]