[[[     998.23      153.31]
  [     1011.9      136.24]
  [     984.97      144.46]
  [     1051.4      134.75]
  [     979.74      153.46]
  [     1095.2      208.12]
  [     984.47      227.46]
  [     1121.6       315.3]
  [     976.98      335.55]
  [     1078.3      421.11]
  [     935.58      409.64]
  [     1061.5      446.06]
  [     986.29      448.33]
  [       1074       601.2]
  [     978.78      602.92]
  [     1076.7         720]
  [     1003.1      700.43]]

 [[     677.09      194.62]
  [     683.15       183.6]
  [      665.2      182.71]
  [          0           0]
  [     628.72      188.95]
  [     683.03      263.17]
  [     582.79      255.53]
  [     700.64      355.15]
  [     550.84      346.14]
  [     705.97      424.18]
  [     557.18       431.1]
  [     670.21      449.31]
  [     603.44      448.97]
  [      670.9      586.27]
  [     591.11      594.31]
  [      650.6       699.5]
  [     591.93      708.46]]]