[[[     1126.9      166.03]
  [     1143.5      147.11]
  [       1111      156.87]
  [     1190.4      145.84]
  [     1105.5      166.33]
  [     1227.6      221.21]
  [     1122.7       236.7]
  [     1261.8      337.21]
  [     1116.3      349.04]
  [     1218.2      456.83]
  [     1090.4      423.39]
  [     1198.3      467.71]
  [     1127.7      469.15]
  [     1200.1      652.57]
  [     1140.4      648.97]
  [          0           0]
  [          0           0]]

 [[     904.13      201.72]
  [     910.71      191.72]
  [     890.19       196.4]
  [     925.17      202.37]
  [     873.73      213.14]
  [     958.73      264.13]
  [     853.37      270.05]
  [     990.95      334.66]
  [     828.71      338.08]
  [     1002.3      399.96]
  [     861.48      361.41]
  [     947.02      427.88]
  [     876.92      431.57]
  [     965.72      544.97]
  [      870.9      548.01]
  [     963.83      666.69]
  [     883.97      657.02]]]