[[[     223.05      160.08]
  [     243.29      147.25]
  [     207.31      140.56]
  [     262.85      160.17]
  [     174.61      144.85]
  [     290.14         248]
  [     114.93      237.95]
  [     329.96      358.59]
  [     75.853      353.39]
  [     335.64      453.93]
  [     60.693      463.72]
  [     266.73      486.21]
  [     150.37      484.57]
  [      283.4       674.9]
  [     148.79      676.69]
  [          0           0]
  [          0           0]]

 [[     515.49      163.26]
  [     531.56      150.93]
  [      508.5      151.67]
  [     568.02      162.04]
  [          0           0]
  [      611.2      243.67]
  [     482.08      249.71]
  [     643.39      333.93]
  [     450.34      338.65]
  [      588.6      363.61]
  [     479.74      369.36]
  [     584.71      455.55]
  [     498.84      457.33]
  [     590.48         597]
  [     490.23      605.16]
  [     590.54      709.87]
  [     498.88      716.49]]]