[[[     163.72      296.03]
  [     164.55      289.94]
  [          0           0]
  [     182.72       288.7]
  [          0           0]
  [     222.58      313.81]
  [     213.17      317.13]
  [     213.01      352.16]
  [     216.16      351.64]
  [     150.53       351.4]
  [     163.62      350.96]
  [     314.46      397.84]
  [     305.67      401.43]
  [     340.12      470.65]
  [     329.15      472.83]
  [     386.66      529.67]
  [     374.46      526.74]]

 [[          0           0]
  [          0           0]
  [          0           0]
  [          0           0]
  [          0           0]
  [     25.812      339.87]
  [      12.68       344.9]
  [     51.159      385.05]
  [     30.556      402.22]
  [     67.288      410.44]
  [     55.555      428.33]
  [      77.33      426.16]
  [     69.627      434.72]
  [     145.14      488.53]
  [     139.95      495.71]
  [     187.27      555.71]
  [     197.33      560.32]]]