[[[      957.2      171.51]
  [     971.16      154.49]
  [     938.95      159.14]
  [     997.66      157.21]
  [     917.96       168.4]
  [     1042.3      240.06]
  [     892.45      247.66]
  [     1081.4      344.53]
  [     863.97      352.94]
  [     1090.7      446.58]
  [     853.37      440.18]
  [     1020.2      463.61]
  [     921.46      465.31]
  [       1029      634.79]
  [     915.67      637.02]
  [          0           0]
  [          0           0]]

 [[          0           0]
  [          0           0]
  [          0           0]
  [          0           0]
  [          0           0]
  [          0           0]
  [     1267.8      191.83]
  [          0           0]
  [       1223      319.88]
  [          0           0]
  [       1280      360.58]
  [          0           0]
  [       1280       480.9]
  [          0           0]
  [          0           0]
  [          0           0]
  [          0           0]]]