[[[     600.34      304.38]
  [     603.16      301.02]
  [     595.76      301.26]
  [     606.79      304.29]
  [     587.28      304.67]
  [     618.25      323.97]
  [     578.71      328.65]
  [     644.19      336.09]
  [     593.14      354.44]
  [     648.61      335.56]
  [     623.28      358.51]
  [     617.77       391.7]
  [     589.88      394.02]
  [     624.93      440.74]
  [      589.8      442.61]
  [     626.52      488.53]
  [     591.37      489.03]]

 [[     657.25      302.72]
  [     661.66      298.59]
  [          0           0]
  [     675.86      299.78]
  [          0           0]
  [     686.82      324.99]
  [     671.52      324.72]
  [     687.71      361.75]
  [          0           0]
  [     678.26      393.65]
  [          0           0]
  [     679.61      396.32]
  [     669.64      395.38]
  [     681.36      452.16]
  [     673.21      450.58]
  [     688.29      505.88]
  [     682.77       501.4]]]