[[[          0           0]
  [          0           0]
  [          0           0]
  [     1496.5      410.37]
  [     1557.2      407.87]
  [       1474      476.93]
  [     1600.3      472.79]
  [     1446.3      579.71]
  [     1633.9      565.11]
  [       1479      595.05]
  [          0           0]
  [     1501.5       672.8]
  [     1584.6      675.68]
  [       1514      796.63]
  [     1569.7       816.6]
  [     1529.9      923.78]
  [     1552.6      959.36]]

 [[          0           0]
  [          0           0]
  [          0           0]
  [          0           0]
  [     1101.1      425.85]
  [     1000.5       464.9]
  [     1104.9      475.49]
  [     960.31      562.82]
  [     1146.2      562.22]
  [     967.48      633.57]
  [     1183.2      630.59]
  [     1013.3      645.94]
  [     1075.4      656.47]
  [     1052.4      777.04]
  [       1075      808.25]
  [     1063.9      905.75]
  [     1030.6      956.22]]

 [[          0           0]
  [          0           0]
  [     1408.6      452.79]
  [          0           0]
  [     1396.6      452.62]
  [       1332      494.39]
  [     1387.7      496.72]
  [          0           0]
  [     1390.6      560.25]
  [          0           0]
  [     1409.8      621.13]
  [     1334.4      629.63]
  [     1380.6      631.13]
  [     1320.1      720.87]
  [     1406.7      722.21]
  [     1293.7      809.92]
  [     1421.7      814.14]]]