[[[          0           0]
  [          0           0]
  [          0           0]
  [     692.18      416.76]
  [     741.14      421.81]
  [     663.76      472.83]
  [     766.66      483.89]
  [     629.77      562.15]
  [     784.26      569.01]
  [     607.52      630.38]
  [     744.79       595.5]
  [     668.71      645.65]
  [     735.41      650.75]
  [     676.57      755.21]
  [     718.74      773.12]
  [     678.75      867.91]
  [     698.14      893.08]]

 [[     478.06      438.53]
  [      484.1      428.83]
  [     468.92      426.85]
  [          0           0]
  [     439.63      423.81]
  [     430.21      476.29]
  [     433.24      477.62]
  [          0           0]
  [     453.12      556.87]
  [          0           0]
  [     504.08      595.19]
  [     429.67      629.68]
  [     428.84       635.4]
  [     437.11       731.3]
  [     431.66      751.89]
  [     434.28      825.83]
  [     406.12      859.53]]

 [[          0           0]
  [          0           0]
  [          0           0]
  [          0           0]
  [          0           0]
  [          0           0]
  [      11.24       426.6]
  [          0           0]
  [      6.128      554.75]
  [          0           0]
  [     22.805      654.85]
  [          0           0]
  [     12.434      664.43]
  [          0           0]
  [          0           0]
  [          0           0]
  [          0           0]]]