[[[          0           0]
  [          0           0]
  [          0           0]
  [       1161      487.32]
  [          0           0]
  [     1163.7       520.1]
  [     1220.4      514.45]
  [     1162.5      570.88]
  [     1237.6       562.3]
  [     1164.3      620.29]
  [     1223.6       597.5]
  [     1182.6      625.37]
  [       1222      621.09]
  [     1186.6      699.13]
  [     1230.1       685.3]
  [     1206.9      769.51]
  [     1247.1      744.64]]

 [[     893.17      519.99]
  [     895.59      514.86]
  [     888.66      513.72]
  [          0           0]
  [     870.12      509.95]
  [     886.59      542.08]
  [      840.1      537.93]
  [     891.85      584.44]
  [     822.83      582.54]
  [     901.51      619.03]
  [     830.85      627.62]
  [     881.84      630.64]
  [      850.5      630.91]
  [     884.12      699.08]
  [     845.32      700.12]
  [     888.71      763.08]
  [     838.72      764.85]]

 [[     1022.7      517.42]
  [     1026.8      510.56]
  [     1018.4      512.16]
  [     1042.4      505.98]
  [          0           0]
  [     1068.3      532.42]
  [       1034      540.21]
  [     1095.5      567.94]
  [          0           0]
  [     1094.6      601.44]
  [          0           0]
  [       1069      627.74]
  [     1046.3      630.61]
  [     1077.5      698.68]
  [     1050.5      698.21]
  [     1091.1      766.12]
  [     1059.9      761.25]]]