[[[     1006.5      395.26]
  [     1015.6       385.1]
  [     994.85      384.81]
  [     1025.3      391.34]
  [     973.37      389.71]
  [     1044.6       459.5]
  [     942.84      455.62]
  [     1063.4      536.76]
  [     925.41      534.02]
  [     1075.6      606.07]
  [     926.52      612.57]
  [     1033.8      628.61]
  [     967.08      627.97]
  [     1036.6      752.87]
  [     969.88      748.47]
  [     1031.9      869.66]
  [     978.81      862.63]]

 [[     1212.1      408.22]
  [     1225.4      398.61]
  [     1206.5      398.03]
  [     1256.5      407.14]
  [          0           0]
  [     1289.1      475.45]
  [     1182.9      476.88]
  [     1306.3      554.94]
  [     1154.5      557.04]
  [     1305.1      629.61]
  [     1173.5      627.77]
  [     1264.6      644.35]
  [     1195.3      645.41]
  [       1261      764.28]
  [     1199.4      768.17]
  [     1265.5      874.76]
  [       1201      884.78]]

 [[      836.2      400.65]
  [     835.95      390.96]
  [     825.23      391.43]
  [          0           0]
  [     787.03      397.28]
  [     840.15      460.38]
  [     736.12      462.71]
  [     865.66      532.91]
  [     724.47      543.13]
  [     845.81      573.15]
  [     802.77      587.75]
  [     837.94      642.57]
  [     766.77      647.27]
  [     841.16       775.4]
  [     755.48      783.29]
  [     834.43      900.95]
  [      746.1      911.34]]]