[[[     862.18      444.07]
  [     867.23      435.43]
  [     851.26      437.04]
  [     872.46      440.78]
  [     832.55      444.38]
  [     895.01       495.1]
  [     810.79      498.68]
  [     921.37      558.11]
  [     799.44      566.33]
  [     935.99      612.12]
  [     797.83      626.18]
  [     890.16      634.65]
  [     835.27      637.64]
  [     905.27      734.82]
  [     843.86      735.49]
  [     908.79       834.9]
  [     857.88      833.88]]

 [[      692.7      453.56]
  [     697.76      446.03]
  [     683.06      445.11]
  [          0           0]
  [     656.67      451.11]
  [     705.83      506.77]
  [     621.75      504.66]
  [     727.89      565.37]
  [     610.59      566.78]
  [     699.64      597.32]
  [     657.84      606.26]
  [      699.8      645.89]
  [     642.98      647.47]
  [     701.14      750.49]
  [     640.99      755.03]
  [     702.34      850.57]
  [     636.17       856.8]]

 [[     956.67      423.34]
  [     966.34      414.12]
  [          0           0]
  [     996.36      421.23]
  [          0           0]
  [     1020.1      487.51]
  [      982.7      487.99]
  [     1024.1      571.92]
  [          0           0]
  [     1001.6      645.94]
  [          0           0]
  [     1001.8      657.05]
  [     977.23      655.33]
  [     1007.7      778.67]
  [     981.91      772.62]
  [     1027.9      893.01]
  [     1000.4      880.21]]]