[[[     1131.2       492.6]
  [       1136      487.66]
  [     1126.4      487.58]
  [     1143.8      490.04]
  [     1117.7      489.51]
  [       1156      521.09]
  [     1102.7      521.51]
  [     1165.3      557.07]
  [     1090.2      560.22]
  [     1164.5      587.44]
  [       1097      593.08]
  [       1148       605.1]
  [     1112.7      605.57]
  [     1150.2      669.44]
  [     1115.8      668.62]
  [     1153.5      729.56]
  [     1111.9      727.79]]

 [[     1042.4      504.46]
  [       1043      500.02]
  [     1037.3      499.83]
  [          0           0]
  [     1019.3      501.05]
  [     1038.7      532.04]
  [     992.85      529.86]
  [     1047.6      569.74]
  [     976.66      569.32]
  [     1055.4      603.99]
  [     975.37      609.68]
  [     1031.8      614.17]
  [     1000.9       614.4]
  [     1037.6      676.67]
  [     997.55      676.17]
  [     1038.9      737.56]
  [     992.48      736.76]]

 [[     1229.7      506.42]
  [     1236.6      502.06]
  [     1227.5      501.42]
  [     1251.6      504.36]
  [          0           0]
  [     1264.1      533.08]
  [     1213.6      531.08]
  [     1266.8      570.89]
  [     1195.7      565.53]
  [     1257.1      592.27]
  [     1201.1      588.02]
  [       1249       612.9]
  [     1215.8      611.78]
  [     1249.1      678.62]
  [     1219.9      676.44]
  [     1247.3      741.93]
  [     1222.5       741.6]]]