[[[     1128.7      491.79]
  [     1133.3      487.02]
  [     1123.5       487.1]
  [       1140      491.37]
  [     1114.1      490.89]
  [       1151      524.31]
  [     1099.2      524.45]
  [     1157.8      561.44]
  [       1093      563.95]
  [     1153.1       590.7]
  [     1115.2      592.18]
  [     1144.6      605.85]
  [     1110.6      606.43]
  [     1140.3      669.21]
  [       1112      669.27]
  [     1136.3      729.29]
  [     1111.4      728.32]]

 [[     1218.1      500.91]
  [     1224.7      495.87]
  [     1215.7      496.12]
  [     1240.9      499.38]
  [          0           0]
  [     1258.8      533.54]
  [     1203.8      534.12]
  [     1272.9      572.77]
  [       1192       573.2]
  [     1272.3      603.59]
  [     1200.2       604.3]
  [     1246.8      616.09]
  [     1211.9      615.69]
  [     1247.2      681.48]
  [     1218.4      678.26]
  [     1246.9      748.06]
  [     1222.7      743.51]]

 [[     1040.7      502.66]
  [     1041.1      498.09]
  [     1035.8      497.97]
  [          0           0]
  [       1019      500.82]
  [     1037.5      531.41]
  [     996.55      531.71]
  [     1047.5      564.58]
  [     992.59      569.91]
  [     1051.9       578.6]
  [       1025      590.45]
  [     1038.4      612.28]
  [     1009.2      613.67]
  [     1041.9       677.3]
  [     1003.9       677.2]
  [     1043.8      739.11]
  [     994.03      739.01]]]