[[[          0           0]
  [          0           0]
  [          0           0]
  [          0           0]
  [     637.38       490.4]
  [     587.05      511.75]
  [     635.26      517.79]
  [     562.32      556.67]
  [     643.51      565.51]
  [     559.51      593.93]
  [     650.14      598.64]
  [     588.15      604.67]
  [     619.55      607.94]
  [     585.73      671.45]
  [     614.16      677.56]
  [     585.11      734.38]
  [     602.44         744]]

 [[      720.5      505.56]
  [      724.6      500.27]
  [     716.26      500.38]
  [     732.68      496.41]
  [     708.52       496.2]
  [     748.24      518.68]
  [     694.71      520.69]
  [     780.13      544.42]
  [     678.29      554.76]
  [     795.26      567.42]
  [     672.79       579.1]
  [     741.17      597.63]
  [      705.3      599.08]
  [      750.9      651.93]
  [     697.46       655.5]
  [     758.57      707.99]
  [      687.2      714.18]]

 [[          0           0]
  [          0           0]
  [          0           0]
  [     831.75      493.49]
  [          0           0]
  [     824.25      524.54]
  [     872.74       523.5]
  [      813.7      567.01]
  [     886.76      563.69]
  [     813.71      586.06]
  [     878.74      586.44]
  [     834.45      604.77]
  [     867.29      604.03]
  [     837.06      659.96]
  [     866.62      658.81]
  [     841.62      714.24]
  [     863.78      713.67]]]