[[[     1086.4       360.7]
  [     1095.9      348.52]
  [     1071.1       349.3]
  [          0           0]
  [     1042.5      361.48]
  [     1126.4      449.82]
  [     1005.4      446.52]
  [     1149.2      547.32]
  [     979.94      541.97]
  [     1158.8       630.4]
  [     983.02      634.86]
  [     1109.1      656.03]
  [       1030      655.92]
  [     1110.2      803.69]
  [       1033      802.54]
  [     1097.9      945.87]
  [     1035.9      944.76]]

 [[     838.26      387.31]
  [     850.62       375.3]
  [     824.03      373.32]
  [          0           0]
  [     793.07      374.22]
  [     879.77      455.93]
  [     749.32      451.09]
  [     902.84      542.33]
  [     733.29       545.9]
  [     873.56      591.48]
  [     812.34      604.55]
  [     873.13      671.98]
  [     784.38      673.85]
  [      868.2      830.84]
  [     774.03      839.15]
  [     864.85      976.85]
  [     760.71      988.19]]

 [[     1317.6      386.22]
  [     1333.1      374.37]
  [       1308      374.07]
  [     1365.9      386.37]
  [          0           0]
  [     1399.6       471.6]
  [     1275.8      471.69]
  [     1424.6       570.3]
  [     1241.9       566.9]
  [     1429.2      654.76]
  [     1267.9      648.31]
  [     1377.3      671.52]
  [     1296.5       673.3]
  [     1371.5      819.77]
  [     1302.3      825.59]
  [     1380.8      955.43]
  [     1301.9      966.21]]]