[[[     1231.2      476.46]
  [     1236.1      470.77]
  [     1224.7      469.96]
  [     1239.9       475.9]
  [     1210.7      473.48]
  [     1252.9       514.8]
  [     1190.2      514.27]
  [     1274.1      555.71]
  [     1177.6      564.49]
  [     1247.8       560.7]
  [     1184.4      610.14]
  [     1249.4      614.41]
  [     1208.5      614.93]
  [     1249.6         687]
  [     1206.5      688.69]
  [     1243.3      756.52]
  [     1203.4      760.27]]

 [[       1345       480.1]
  [     1353.2      475.07]
  [       1343      474.61]
  [     1374.4      481.72]
  [          0           0]
  [     1398.9      523.47]
  [     1330.1      524.62]
  [     1417.5       569.9]
  [     1313.8       571.5]
  [     1415.1      614.53]
  [       1325      615.56]
  [     1385.9      624.97]
  [     1341.2      625.16]
  [     1390.8       696.7]
  [       1347      695.93]
  [     1387.1      762.21]
  [     1347.6      764.05]]

 [[     1123.2       483.6]
  [     1122.7      478.57]
  [     1117.1      478.75]
  [          0           0]
  [       1098      484.65]
  [     1125.7      519.59]
  [     1072.8      521.29]
  [     1141.6       560.7]
  [     1067.8      566.07]
  [     1135.8      584.34]
  [     1105.9      589.65]
  [       1125      618.41]
  [     1088.4      620.66]
  [     1130.4      694.68]
  [     1083.9      697.18]
  [     1127.4      765.97]
  [     1077.3      768.64]]]