[[[     1690.1      125.13]
  [     1710.6      105.68]
  [     1653.8      105.03]
  [     1728.9      144.06]
  [     1585.4      145.52]
  [     1772.5      309.11]
  [     1501.6      310.74]
  [     1803.7      480.89]
  [       1428      502.37]
  [     1814.9      622.68]
  [     1443.4      693.13]
  [     1710.7      745.23]
  [       1528      746.64]
  [          0           0]
  [     1496.3      1048.1]
  [          0           0]
  [          0           0]]

 [[       1265      193.73]
  [     1264.9      172.98]
  [     1242.5      168.17]
  [          0           0]
  [     1150.3      186.72]
  [     1255.3      348.01]
  [     1031.8      332.78]
  [     1304.8      512.84]
  [     992.07      512.08]
  [     1251.7      607.63]
  [     1142.7      629.59]
  [     1228.5      758.58]
  [     1071.8      754.79]
  [          0           0]
  [     1038.7      1053.5]
  [          0           0]
  [          0           0]]]