[[[      886.2      519.95]
  [     887.48      514.59]
  [     881.96      513.98]
  [          0           0]
  [     863.11      509.59]
  [     874.04      540.35]
  [     834.08      537.15]
  [     872.12       587.2]
  [     819.12       584.8]
  [     885.36      621.46]
  [     829.55       627.9]
  [     872.26      630.69]
  [     844.86       631.8]
  [     877.16      699.16]
  [     841.41      700.99]
  [     884.53       763.7]
  [     836.32      767.35]]

 [[     1141.6      501.61]
  [          0           0]
  [          0           0]
  [     1150.4       487.6]
  [          0           0]
  [     1155.3       516.7]
  [     1203.7      512.94]
  [     1150.7      561.73]
  [     1229.9      557.71]
  [     1152.7      608.88]
  [     1229.9      600.24]
  [     1179.4      617.36]
  [       1210       614.3]
  [     1181.6      689.26]
  [     1206.1      682.18]
  [     1202.7      758.02]
  [     1215.5      750.61]]

 [[     1024.8      517.14]
  [     1028.4      510.01]
  [     1021.1      511.97]
  [     1044.3      505.02]
  [          0           0]
  [       1071      531.44]
  [     1037.9      539.71]
  [       1097      570.62]
  [          0           0]
  [     1094.2      606.25]
  [          0           0]
  [     1074.7      627.76]
  [     1052.1       631.1]
  [     1082.8      698.52]
  [     1052.2      699.27]
  [     1098.3       765.6]
  [     1060.4      763.03]]]