[[[     1021.2      464.18]
  [     1024.9      457.52]
  [     1012.4      459.55]
  [     1030.5      461.52]
  [     998.99       466.5]
  [     1050.7      500.48]
  [     985.07      508.22]
  [     1069.6       543.4]
  [     971.05      559.57]
  [     1080.6      571.68]
  [     963.34      598.29]
  [     1046.5      609.32]
  [     1003.6      613.47]
  [       1060      690.85]
  [     1009.7       693.3]
  [     1065.5      767.02]
  [     1018.3      768.11]]

 [[     914.07      460.23]
  [     913.27      454.05]
  [     906.24      454.26]
  [          0           0]
  [     883.29      462.19]
  [     905.38      505.17]
  [     867.04      508.71]
  [      922.3      557.78]
  [     879.15       564.9]
  [     943.33       590.1]
  [     926.03      590.35]
  [     915.32      621.96]
  [     888.43      625.96]
  [      917.9      709.51]
  [      881.6      717.06]
  [     903.46      794.37]
  [     862.73      805.29]]

 [[     1098.9      449.29]
  [     1103.9       442.1]
  [          0           0]
  [     1123.6      448.72]
  [          0           0]
  [     1135.8      497.46]
  [     1139.6       495.1]
  [     1111.6      568.07]
  [          0           0]
  [     1095.5      618.93]
  [          0           0]
  [     1125.3      630.22]
  [     1128.6      628.14]
  [     1135.2      729.62]
  [     1130.6      727.71]
  [     1149.6      823.68]
  [     1143.2      816.96]]]