[[[     663.61      454.06]
  [     673.51      446.99]
  [     656.32      445.74]
  [     689.77      455.13]
  [     643.67      451.73]
  [     708.59      504.66]
  [     620.97      503.71]
  [     729.14      563.33]
  [     607.69      564.46]
  [     699.44      597.71]
  [     654.71      605.78]
  [     698.98       645.5]
  [     639.55      646.78]
  [     701.75      750.57]
  [     641.02      755.17]
  [     702.71      849.64]
  [     636.19      858.82]]

 [[     859.11      444.41]
  [     865.76      435.92]
  [      849.4      437.09]
  [     875.73      440.84]
  [     834.37      443.46]
  [      898.3      496.31]
  [     813.65      499.06]
  [     920.96      559.04]
  [     801.78      566.22]
  [     935.44      613.75]
  [     796.68      627.34]
  [     888.93      635.32]
  [     833.68       637.7]
  [     903.25      736.22]
  [     844.94         737]
  [     905.87      832.65]
  [     858.93      833.33]]

 [[     958.69      425.14]
  [     968.37      415.83]
  [          0           0]
  [     998.75      422.06]
  [          0           0]
  [     1022.4      487.56]
  [     985.51      487.97]
  [     1026.8      571.85]
  [          0           0]
  [     1004.9      648.33]
  [          0           0]
  [     1003.5      656.99]
  [     979.21      655.18]
  [     1008.6      779.26]
  [     982.28      773.11]
  [     1029.5      893.91]
  [      999.7      881.11]]]