[[[     567.02      199.59]
  [     578.18      189.45]
  [     555.42      187.75]
  [     589.41      198.84]
  [      533.6      194.21]
  [     603.74      268.64]
  [     503.61      263.98]
  [     622.94      352.77]
  [     477.61      350.16]
  [     630.32      425.31]
  [     476.65      431.54]
  [     587.18      443.31]
  [     519.78       442.4]
  [     596.88      565.37]
  [     497.32      569.59]
  [     583.13      683.14]
  [     489.81      694.42]]

 [[     774.66      181.68]
  [     790.72      168.99]
  [     767.78      168.66]
  [     829.92      178.07]
  [     767.88      176.18]
  [      858.2      257.62]
  [     763.69      255.06]
  [     876.24      362.63]
  [     758.39      351.36]
  [     849.73      465.52]
  [     734.62      427.28]
  [     826.12      468.79]
  [      761.3      464.97]
  [     838.36      632.59]
  [     774.14      624.97]
  [          0           0]
  [          0           0]]]