[[[      327.5      312.99]
  [     331.21      309.06]
  [     323.21      308.86]
  [     336.27      312.94]
  [     314.99       312.2]
  [      346.4      339.23]
  [      302.2      338.48]
  [     358.19      370.35]
  [     292.27      367.93]
  [     341.91      389.05]
  [     316.09      386.58]
  [     340.63      407.09]
  [     310.29      407.51]
  [     343.38      457.89]
  [      306.8      459.94]
  [     345.45      505.89]
  [     303.04      509.98]]

 [[     413.32      318.73]
  [     418.37      315.01]
  [     410.67      314.85]
  [     428.14      318.03]
  [          0           0]
  [     436.71      343.67]
  [     403.69       344.5]
  [     443.15      376.35]
  [      398.7      377.65]
  [      437.9       405.9]
  [     391.75      404.93]
  [     427.02      411.23]
  [     405.33      411.12]
  [      430.9      462.25]
  [     411.42      460.45]
  [     438.01       510.7]
  [     419.89      506.12]]]