[[[      490.3      205.85]
  [     500.54      197.51]
  [     479.77      195.12]
  [      510.3      207.39]
  [     459.65      201.55]
  [     525.02      271.51]
  [     430.75      267.69]
  [     550.25      345.79]
  [     411.34      346.84]
  [     563.78      415.44]
  [     418.34      421.77]
  [     513.13       432.1]
  [     450.78      432.29]
  [     528.73       543.6]
  [     435.16      547.99]
  [     525.13      649.12]
  [     437.42      664.68]]

 [[     667.38      200.07]
  [     680.66      191.74]
  [     666.73      190.19]
  [     716.77      203.25]
  [          0           0]
  [     744.21      267.34]
  [     668.66       262.3]
  [     758.06      361.63]
  [     668.27      347.33]
  [     737.49      445.64]
  [     645.21      414.25]
  [     720.57      446.19]
  [     669.62      442.29]
  [     736.78      586.14]
  [     679.29      575.82]
  [     751.02      701.14]
  [     712.78      693.41]]]