[[[     944.08      61.985]
  [     970.32      37.317]
  [     921.56       42.69]
  [     1023.5      45.736]
  [     901.96      58.189]
  [     1081.1      167.45]
  [     889.01      180.48]
  [     1139.4      332.72]
  [     872.83      341.13]
  [     1088.7      517.06]
  [     840.48      456.95]
  [     1024.9      528.29]
  [     894.17      526.26]
  [          0           0]
  [          0           0]
  [          0           0]
  [          0           0]]

 [[     583.87      116.45]
  [        600      102.24]
  [     567.27      99.601]
  [     616.02      116.86]
  [     537.39      110.91]
  [     638.82      214.17]
  [     495.66      209.65]
  [     663.78       331.6]
  [     457.72      327.32]
  [     676.98      429.28]
  [     438.12      440.69]
  [     611.89      468.26]
  [     515.73      466.58]
  [     615.31      646.91]
  [     497.86      649.77]
  [          0           0]
  [          0           0]]]