[[[     524.61      308.12]
  [     524.45       304.3]
  [     519.81      304.83]
  [          0           0]
  [     506.98      308.43]
  [     526.18      332.19]
  [     493.54      334.11]
  [     530.99      362.53]
  [     486.26      368.71]
  [     540.57      386.06]
  [      495.1      398.08]
  [     528.26      399.04]
  [     506.06      401.32]
  [     538.89      448.92]
  [     505.06      451.03]
  [     540.18      496.69]
  [     508.53      498.88]]

 [[          0           0]
  [          0           0]
  [          0           0]
  [     614.43      313.65]
  [          0           0]
  [      620.2      335.33]
  [     648.92      333.61]
  [      610.3      369.04]
  [     655.68      369.74]
  [     597.41      394.15]
  [     654.14      397.11]
  [     627.32      400.73]
  [     643.93       399.1]
  [     633.12      454.35]
  [     630.42      450.66]
  [     645.33      506.27]
  [     624.13      501.62]]]