[[[     702.96      294.56]
  [     704.01      288.14]
  [          0           0]
  [     716.47      280.27]
  [          0           0]
  [     742.88      306.34]
  [     730.77      309.32]
  [     740.23      349.99]
  [          0           0]
  [     703.13      365.59]
  [          0           0]
  [      731.5      403.39]
  [     722.69      401.96]
  [      734.8      470.49]
  [     716.47       465.5]
  [     747.22      536.06]
  [     723.01      529.45]]

 [[     588.16      286.13]
  [          0           0]
  [     583.18      281.77]
  [          0           0]
  [     567.04      286.25]
  [     578.21      319.35]
  [     552.41      318.84]
  [      584.6      362.68]
  [     549.87      361.23]
  [     597.02      396.66]
  [     566.21       398.4]
  [      581.3      403.39]
  [     564.26      404.48]
  [     576.85       468.6]
  [     560.02      470.84]
  [     572.52      529.21]
  [     550.48      533.23]]]