[[[     510.04      244.24]
  [     517.09      237.56]
  [     501.59      236.85]
  [     523.72      246.03]
  [     485.07      243.67]
  [     536.98      297.99]
  [     460.79      295.86]
  [     555.47      357.11]
  [     443.63      356.29]
  [        566      411.68]
  [     425.08      413.41]
  [     522.83      427.97]
  [     471.51      426.63]
  [     522.67      520.88]
  [     460.65      520.17]
  [     513.67      609.53]
  [     445.42      607.06]]

 [[     653.68      256.72]
  [     663.03         251]
  [     651.06      250.05]
  [     686.37      258.97]
  [          0           0]
  [     715.01      306.18]
  [     636.87      307.73]
  [     738.04      359.25]
  [     624.84      367.21]
  [     739.97         417]
  [     617.67      423.45]
  [     702.31      431.71]
  [      650.3      432.05]
  [     711.39      525.04]
  [     655.75      523.19]
  [     721.55      609.82]
  [      662.4      608.36]]]