[[[     579.52      319.41]
  [     583.79      315.69]
  [     578.15      315.91]
  [     595.99      317.14]
  [          0           0]
  [     608.85      341.35]
  [     580.44      342.94]
  [     615.32       370.9]
  [      576.7      372.91]
  [      610.5      398.96]
  [     568.79      397.01]
  [     599.54      404.49]
  [     581.26      404.27]
  [     603.69      452.17]
  [     587.27      449.18]
  [     610.57       496.4]
  [      596.5      491.31]]

 [[     508.58      314.61]
  [     511.46       311.1]
  [     504.16      311.19]
  [     514.57      314.42]
  [     495.88      314.16]
  [     521.66      338.79]
  [     485.18      338.31]
  [     529.95      367.61]
  [     476.49      367.88]
  [     535.13      392.93]
  [     476.22      397.98]
  [     517.37      400.44]
  [     492.83      400.76]
  [     519.85      445.58]
  [     489.34      446.94]
  [     518.77      488.38]
  [     483.26      490.55]]]