[[[     697.05      308.92]
  [     701.63      305.46]
  [     693.97      305.35]
  [     710.55      310.15]
  [     688.97      310.11]
  [     724.01      336.65]
  [     677.46      338.64]
  [     733.71      367.21]
  [     669.87      370.94]
  [      708.5      389.82]
  [     682.71      393.31]
  [     718.44      407.86]
  [     686.78      408.95]
  [     723.63      463.36]
  [     691.06      463.96]
  [     731.58      514.52]
  [     693.99      515.99]]

 [[     607.67      309.75]
  [      611.1      305.48]
  [     602.86      305.37]
  [     614.51       307.3]
  [     593.07      306.45]
  [     623.33      335.31]
  [     578.32      334.02]
  [     633.52      369.93]
  [     570.61      369.54]
  [     640.63      402.21]
  [     574.81      403.73]
  [     618.75      409.43]
  [     588.25      409.79]
  [     624.39      462.42]
  [     585.02       462.9]
  [     626.81      511.49]
  [      586.9      512.32]]]