[[[     1749.3      419.49]
  [     1755.6      411.67]
  [     1741.1      413.06]
  [     1764.7      414.63]
  [     1727.8      418.25]
  [     1788.1      460.53]
  [     1710.4       465.9]
  [     1805.9      515.73]
  [     1695.3      521.87]
  [     1792.4       570.4]
  [     1683.2      571.29]
  [     1774.4       573.7]
  [     1724.8       575.7]
  [     1779.6      651.64]
  [       1733      652.89]
  [     1797.8      726.62]
  [     1743.7      722.01]]

 [[          0           0]
  [          0           0]
  [          0           0]
  [          0           0]
  [          0           0]
  [          0           0]
  [     1909.2       475.3]
  [          0           0]
  [     1900.5      530.22]
  [          0           0]
  [       1915       527.4]
  [          0           0]
  [     1913.5      587.28]
  [          0           0]
  [          0           0]
  [          0           0]
  [          0           0]]]