[[[     1141.7      527.28]
  [          0           0]
  [          0           0]
  [     1147.8      513.11]
  [          0           0]
  [     1153.3      544.67]
  [       1201      537.97]
  [     1147.7      593.35]
  [     1224.9      582.27]
  [     1149.4      637.71]
  [     1228.4      623.34]
  [     1169.3      645.89]
  [     1200.3      642.25]
  [     1180.5       720.1]
  [     1202.5      709.85]
  [     1204.5      787.92]
  [     1217.6      775.91]]

 [[     883.06      547.92]
  [     885.19       542.3]
  [     879.39      540.93]
  [          0           0]
  [     861.22      535.11]
  [      870.6      567.16]
  [     830.25      563.46]
  [     870.75      613.05]
  [     817.23      611.14]
  [     884.11      643.56]
  [     825.91      654.77]
  [     868.17      657.84]
  [     840.68      659.12]
  [     874.29      724.06]
  [     835.55      727.92]
  [      880.5      787.16]
  [     835.91      794.37]]

 [[     1021.3      545.01]
  [     1024.2      537.85]
  [          0           0]
  [     1039.4      531.67]
  [          0           0]
  [       1069      557.67]
  [     1035.8      565.37]
  [     1095.4       593.8]
  [          0           0]
  [     1099.9      632.13]
  [          0           0]
  [     1071.8      655.61]
  [     1049.4      658.48]
  [     1082.4      725.35]
  [     1050.7      724.68]
  [     1092.9      792.39]
  [     1059.9      787.51]]]