[[[     1230.2      502.88]
  [     1235.3      497.35]
  [     1223.7      496.29]
  [     1239.1      502.47]
  [     1209.4       499.3]
  [     1250.6      540.66]
  [     1188.7      539.36]
  [     1274.2      579.91]
  [     1175.5      590.81]
  [       1249       586.4]
  [     1184.2      639.01]
  [     1246.2      641.06]
  [     1206.1      640.96]
  [     1245.3       714.3]
  [     1204.4      714.33]
  [     1241.7         784]
  [     1201.6      784.47]]

 [[     1342.3      506.51]
  [     1350.5      500.97]
  [     1340.4      500.58]
  [     1372.1      506.49]
  [          0           0]
  [       1397      548.39]
  [     1329.9      548.77]
  [     1415.7      600.52]
  [     1313.3      598.26]
  [     1413.3      646.88]
  [     1327.3      640.97]
  [       1388      647.65]
  [     1344.5      648.07]
  [     1396.5      717.98]
  [     1349.3      718.24]
  [     1393.9      787.81]
  [       1352      792.04]]

 [[     1122.8      507.95]
  [     1122.8      502.99]
  [     1116.6      503.05]
  [          0           0]
  [     1097.1      509.33]
  [     1126.9      545.71]
  [     1071.1      546.92]
  [     1142.8      588.16]
  [     1068.2      592.34]
  [     1131.4      612.89]
  [     1105.4      615.18]
  [     1124.8      643.34]
  [       1086      645.26]
  [     1130.5      719.74]
  [     1082.2      721.96]
  [     1128.1      791.23]
  [       1077      793.53]]]