[[[     1358.2      233.95]
  [     1373.5      199.27]
  [          0           0]
  [     1461.7      191.99]
  [          0           0]
  [     1558.4      352.78]
  [     1453.6      351.76]
  [     1563.7      597.31]
  [     1436.1      578.24]
  [     1340.5      671.54]
  [       1309      633.22]
  [     1488.2      834.87]
  [     1396.7      817.33]
  [          0           0]
  [          0           0]
  [          0           0]
  [          0           0]]

 [[     784.85      260.12]
  [     787.23      240.37]
  [     762.01      239.34]
  [          0           0]
  [     685.35      258.62]
  [     775.95      397.88]
  [     624.89      394.75]
  [     820.94      548.34]
  [     655.56      559.49]
  [     855.64      631.69]
  [     794.23      651.99]
  [     788.11         746]
  [     678.49      751.26]
  [     781.52      1003.9]
  [     653.96      1015.9]
  [          0           0]
  [          0           0]]

 [[     1107.2      329.29]
  [     1119.4      311.86]
  [     1084.7       315.7]
  [     1139.2       324.7]
  [     1054.7       334.4]
  [     1180.9      431.41]
  [     1024.4      433.79]
  [     1219.6      546.13]
  [     994.61      557.77]
  [     1237.2      640.54]
  [     997.73      669.52]
  [     1166.5       693.8]
  [       1059      694.36]
  [     1177.1      892.77]
  [     1029.2      894.48]
  [     1152.2      1055.9]
  [     1028.8        1051]]]