[[[          0           0]
  [          0           0]
  [          0           0]
  [     795.51      237.82]
  [     925.21      243.56]
  [     708.81      353.17]
  [     995.77      367.04]
  [     628.93      576.68]
  [     1053.6      599.48]
  [     731.88      579.85]
  [     935.98      569.41]
  [     729.54      834.43]
  [     924.75      833.52]
  [          0           0]
  [          0           0]
  [          0           0]
  [          0           0]]

 [[     542.78      368.14]
  [          0           0]
  [      542.1      349.07]
  [          0           0]
  [     495.45      342.67]
  [     383.03      422.45]
  [     456.42      430.96]
  [          0           0]
  [      488.6      571.08]
  [      376.3       655.1]
  [     575.46      694.63]
  [     383.78      713.34]
  [     406.67      725.37]
  [      456.4      904.48]
  [     356.84      943.73]
  [     492.14      1063.5]
  [     280.29        1080]]]