[[[     648.35      517.59]
  [          0           0]
  [     643.66      511.32]
  [          0           0]
  [     624.07       507.6]
  [     616.51      537.69]
  [     609.78      536.61]
  [          0           0]
  [      608.9       586.1]
  [          0           0]
  [     623.03      636.34]
  [     615.62      636.43]
  [     611.77      637.27]
  [     616.17      705.01]
  [     611.11      704.36]
  [     606.35      767.88]
  [      600.7      769.32]]

 [[     493.53      505.08]
  [          0           0]
  [     490.79      495.36]
  [          0           0]
  [     476.92      486.83]
  [     410.32      526.62]
  [     469.11      521.79]
  [      377.5      588.18]
  [     479.86       591.1]
  [     387.63      568.85]
  [     493.39      654.45]
  [     403.62       648.7]
  [     448.04      648.83]
  [     398.17      740.13]
  [     473.63      742.76]
  [     358.14       827.4]
  [      463.4      842.51]]

 [[          0           0]
  [          0           0]
  [          0           0]
  [     791.87       505.4]
  [      822.5      504.31]
  [     777.41         542]
  [     839.33      540.01]
  [      762.6       598.4]
  [     853.12      592.82]
  [     757.41         642]
  [     853.69      634.11]
  [     792.03      637.91]
  [     832.17      637.11]
  [     802.17      713.16]
  [     833.76      709.35]
  [     808.71       783.1]
  [     814.05      776.75]]]