[[[     796.41      502.68]
  [     801.81      496.46]
  [     788.69       495.1]
  [          0           0]
  [     770.06      497.97]
  [     812.48      544.17]
  [     742.72      539.57]
  [     828.02      598.49]
  [     724.09      594.08]
  [     831.38      648.16]
  [     724.53      646.55]
  [     800.58      659.15]
  [     754.39      658.27]
  [     800.74       741.9]
  [     748.47      742.72]
  [     799.49      823.27]
  [     747.16      825.06]]

 [[     925.42      490.01]
  [     932.79      483.27]
  [     919.88      483.81]
  [     947.32      488.21]
  [     911.64      489.92]
  [     967.69      531.41]
  [     895.95      535.25]
  [     984.57      583.01]
  [     885.27      586.52]
  [     959.64      610.09]
  [     916.52      603.11]
  [     956.79      647.36]
  [     907.09      648.73]
  [     960.62      732.35]
  [     903.64      733.03]
  [     964.96      812.42]
  [     899.58      814.26]]

 [[     997.77      481.42]
  [     1004.2      475.21]
  [          0           0]
  [       1026      481.95]
  [          0           0]
  [     1050.4       531.1]
  [     1022.8      531.09]
  [     1074.8      594.42]
  [          0           0]
  [     1072.5      646.16]
  [          0           0]
  [     1041.6      661.67]
  [     1023.9      660.66]
  [     1045.2      755.99]
  [     1025.2       754.4]
  [     1057.7      847.84]
  [     1035.6      842.22]]]