[[[     903.66       469.1]
  [     911.31      460.25]
  [     894.09      461.47]
  [     924.67       464.4]
  [     880.67      467.32]
  [      949.1      521.64]
  [     863.01      524.45]
  [     972.52      585.94]
  [     850.98      591.53]
  [     984.09      645.94]
  [     842.26      655.22]
  [     937.64      670.15]
  [     881.88      671.41]
  [     940.77      777.24]
  [     890.66      776.21]
  [     942.36      877.76]
  [     899.21      876.43]]

 [[     727.13       478.7]
  [     730.71       470.6]
  [     717.17      470.02]
  [          0           0]
  [     687.66      475.72]
  [     739.29      533.16]
  [     647.92      529.72]
  [     761.83      596.35]
  [     635.32      594.74]
  [      734.7      627.39]
  [     685.08      635.26]
  [     732.23      678.41]
  [     670.66      679.27]
  [     734.42      791.62]
  [     667.11      793.38]
  [     732.31       899.4]
  [     660.24      901.02]]

 [[     995.21      446.87]
  [     1003.9      437.45]
  [          0           0]
  [     1034.3      445.95]
  [          0           0]
  [     1061.3      510.47]
  [     1029.2      511.87]
  [     1070.1      601.82]
  [          0           0]
  [     1044.8      685.17]
  [          0           0]
  [     1040.5      693.57]
  [     1018.1      690.28]
  [     1053.9      827.48]
  [     1024.9      819.75]
  [     1071.3      957.02]
  [     1042.1       938.4]]]