[[[     1041.4      531.36]
  [     1041.8      526.95]
  [     1036.6      526.79]
  [          0           0]
  [     1019.5      527.62]
  [     1038.2      558.11]
  [     992.77      555.39]
  [     1047.6      596.85]
  [     976.05       594.1]
  [     1054.6      628.05]
  [     974.36      631.58]
  [       1032      640.12]
  [     1001.3      640.19]
  [     1037.5      701.94]
  [     996.29      701.85]
  [     1038.5      762.06]
  [      991.2      762.27]]

 [[     1132.6      517.59]
  [     1137.5      512.96]
  [     1127.6         513]
  [     1144.4      514.72]
  [     1118.3      514.53]
  [     1155.2      545.47]
  [     1104.9       545.5]
  [     1167.8      583.96]
  [     1092.2      585.62]
  [     1164.3      615.47]
  [     1096.6      621.82]
  [     1149.6      632.76]
  [     1116.3      632.97]
  [     1151.2       696.4]
  [     1115.3      695.11]
  [     1154.7      756.97]
  [     1111.4      754.71]]

 [[     1230.4      531.75]
  [     1237.4      527.08]
  [     1227.8      526.81]
  [     1253.3       528.8]
  [          0           0]
  [     1265.1      559.92]
  [     1213.1      558.14]
  [     1265.2      596.93]
  [       1196      595.25]
  [     1251.5      612.04]
  [     1195.6      628.56]
  [     1249.5      643.54]
  [     1215.6      641.76]
  [     1247.5      707.12]
  [     1217.7      704.07]
  [     1245.6       768.6]
  [     1218.6      767.78]]]