[[[     694.97      208.51]
  [     705.73      189.45]
  [     670.94      180.91]
  [          0           0]
  [      577.9      193.44]
  [     693.05      359.95]
  [     500.71      344.71]
  [     748.66      541.51]
  [     532.49      543.97]
  [     773.43      635.77]
  [     704.13      661.84]
  [     699.69      773.38]
  [     561.41      775.16]
  [          0           0]
  [     535.95      1047.6]
  [          0           0]
  [          0           0]]

 [[     1133.9      288.79]
  [     1150.8      270.81]
  [     1112.9       269.3]
  [     1163.1         290]
  [     1069.4      285.43]
  [     1192.1      413.02]
  [     1012.1      402.69]
  [     1241.2      555.39]
  [     969.24      540.85]
  [     1250.4      675.17]
  [      950.8      661.63]
  [     1157.9      709.87]
  [     1035.5      704.29]
  [     1156.3      938.94]
  [        999      934.55]
  [       1103      1072.3]
  [     991.34      1058.7]]

 [[     1341.5       176.3]
  [     1363.3      136.73]
  [          0           0]
  [     1470.5      129.34]
  [          0           0]
  [     1583.1      301.34]
  [     1434.5      327.08]
  [     1620.1      582.14]
  [     1432.2      580.39]
  [     1335.9      564.74]
  [     1300.4       546.8]
  [     1515.3      867.51]
  [     1400.2      859.41]
  [          0           0]
  [          0           0]
  [          0           0]
  [          0           0]]]