[[[          0           0]
  [          0           0]
  [          0           0]
  [          0           0]
  [     1198.2      369.74]
  [     1065.2      447.93]
  [     1220.9      450.48]
  [     1023.8      588.56]
  [     1290.5      584.22]
  [     1095.1      626.66]
  [     1339.2      696.77]
  [     1090.7      721.03]
  [     1192.4      725.06]
  [     1085.9      906.98]
  [     1182.1      928.09]
  [     1056.3        1039]
  [     1149.3        1080]]

 [[     674.29      412.55]
  [          0           0]
  [     679.27      390.97]
  [          0           0]
  [     641.14      360.19]
  [     495.01      429.71]
  [        626      444.22]
  [          0           0]
  [     660.82      601.06]
  [          0           0]
  [      693.1      723.11]
  [     479.77      711.41]
  [     579.06      719.24]
  [     460.82      932.12]
  [     607.11      940.67]
  [          0           0]
  [     572.62        1080]]

 [[     1011.3      457.51]
  [          0           0]
  [     1004.4      445.35]
  [          0           0]
  [     980.61      445.48]
  [     901.24      502.78]
  [     997.72      511.94]
  [     871.45      588.08]
  [     1020.5      594.77]
  [      852.5      650.54]
  [     1016.3      636.59]
  [     922.11      680.41]
  [     978.32      689.66]
  [     965.71      801.96]
  [     982.05       813.2]
  [     970.38      915.83]
  [     904.48      932.69]]]