[[[     1162.1      449.67]
  [     1171.9      439.22]
  [     1151.6      438.94]
  [     1184.4      441.65]
  [     1132.3      442.68]
  [     1209.2      490.11]
  [     1108.9      504.88]
  [     1268.9      482.73]
  [     1088.3      568.71]
  [     1213.2      448.99]
  [     1078.8      645.32]
  [     1187.4      662.48]
  [       1120      663.32]
  [     1202.8      781.68]
  [     1114.6      771.08]
  [     1216.8      901.16]
  [     1108.6      887.85]]

 [[     979.05      426.17]
  [     979.79      416.65]
  [     967.31      416.56]
  [          0           0]
  [     931.37      425.27]
  [     965.24      494.18]
  [     906.16      496.01]
  [     987.33      570.12]
  [     924.92      577.53]
  [     1010.7      607.69]
  [     992.85      623.96]
  [     977.27      676.32]
  [     935.93      681.54]
  [      967.2      806.32]
  [     916.41      822.24]
  [     948.51      931.31]
  [     889.65      955.45]]

 [[     1270.3      417.85]
  [     1277.5      405.81]
  [          0           0]
  [     1313.4      409.78]
  [          0           0]
  [     1342.2      481.98]
  [     1340.5      476.26]
  [     1338.3      597.39]
  [          0           0]
  [     1313.2      702.74]
  [          0           0]
  [     1342.4      705.05]
  [     1341.5      698.66]
  [     1342.5      866.13]
  [     1331.3      855.54]
  [     1361.8      1019.7]
  [     1334.4      997.87]]]