[[[          0           0]
  [          0           0]
  [          0           0]
  [     478.26       373.8]
  [          0           0]
  [     444.04      459.48]
  [     607.53      464.03]
  [     396.27      576.22]
  [     656.15      589.11]
  [     346.69      699.43]
  [     658.76      680.04]
  [     461.41      728.31]
  [     562.98      729.19]
  [        477      914.93]
  [     543.32      919.36]
  [     505.55        1065]
  [     488.65        1069]]

 [[          0           0]
  [          0           0]
  [     172.42      396.06]
  [          0           0]
  [      135.6       389.2]
  [     18.806      445.88]
  [     130.42      460.24]
  [          0           0]
  [     168.17      579.59]
  [          0           0]
  [     199.93      669.24]
  [      16.29      695.48]
  [     82.466      704.48]
  [     29.354      867.72]
  [     47.205      869.88]
  [     87.091      1004.9]
  [     21.017      1011.7]]]