[[[          0           0]
  [          0           0]
  [          0           0]
  [     746.82      302.51]
  [          0           0]
  [     741.27      329.05]
  [     795.86      322.48]
  [     713.91      356.29]
  [     817.04      357.32]
  [     726.07      327.12]
  [     788.77      353.89]
  [      753.2      414.68]
  [     789.29      410.73]
  [     755.83      477.96]
  [     792.48      469.15]
  [     763.07       539.1]
  [      806.1      528.46]]

 [[     573.59      332.25]
  [     574.07      328.77]
  [     569.64      328.86]
  [          0           0]
  [     557.53      330.35]
  [     570.34      352.46]
  [     545.49      353.61]
  [     573.93      381.45]
  [     541.45      384.95]
  [     577.55      408.79]
  [     550.31      411.22]
  [     572.21      411.82]
  [     556.06      413.37]
  [     575.94      455.46]
  [     558.02      456.98]
  [     572.68      497.18]
  [      556.2      499.29]]]