[[[     807.35      230.45]
  [     820.31      222.29]
  [     797.31      219.11]
  [      837.5      231.37]
  [     781.33      224.37]
  [     856.42      290.44]
  [     756.64      287.12]
  [     885.16      370.53]
  [     732.61      367.23]
  [     893.52      442.79]
  [      729.5      438.16]
  [     846.22      453.08]
  [     780.92      453.21]
  [     857.34      573.11]
  [     777.06      572.97]
  [     850.77      683.57]
  [     783.86      688.72]]

 [[     620.57      208.98]
  [     631.13      201.16]
  [     609.22      198.66]
  [     640.38      215.05]
  [     586.66      210.01]
  [     655.75      279.76]
  [      550.8      271.72]
  [     675.01      354.25]
  [      520.6      326.57]
  [     661.38      379.68]
  [     582.95      300.77]
  [     639.71      446.87]
  [     568.22      445.13]
  [     641.61      559.28]
  [     559.56      561.84]
  [     628.18       672.3]
  [     550.91      679.12]]]