[[[     653.36      281.49]
  [     661.42      275.52]
  [     648.31      275.18]
  [     678.34      279.71]
  [          0           0]
  [     701.15      320.35]
  [     628.38      322.12]
  [     718.44      368.38]
  [     617.21      373.82]
  [     724.13      416.09]
  [      610.4      420.18]
  [     691.23       431.3]
  [     643.01      431.91]
  [     696.11      514.44]
  [     647.74      512.79]
  [     698.28      591.62]
  [     651.09      589.78]]

 [[     526.99      271.45]
  [     534.68      265.54]
  [     520.62      263.25]
  [     541.28      271.49]
  [     505.08      264.96]
  [     548.63      316.53]
  [     474.55      309.39]
  [      558.8      366.23]
  [      450.7      355.67]
  [     545.17      399.82]
  [     471.68      388.81]
  [     533.03      428.91]
  [     483.19      427.94]
  [     537.06      509.93]
  [     479.88      511.97]
  [        538       588.3]
  [        479      591.93]]]