[[[     1156.6      132.29]
  [     1176.4      116.09]
  [     1135.6       112.5]
  [       1194      131.64]
  [     1094.3      122.65]
  [     1230.5      241.16]
  [     1035.6      232.91]
  [     1270.5       355.6]
  [     1000.4      359.17]
  [     1270.8       471.9]
  [     983.63       470.5]
  [     1191.5      506.56]
  [     1063.3      499.14]
  [          0           0]
  [     1023.5      689.78]
  [          0           0]
  [          0           0]]

 [[     808.82      108.05]
  [     823.94      95.881]
  [     790.71      93.807]
  [     838.08      121.84]
  [     759.31      117.59]
  [     861.49      229.97]
  [     707.04      217.75]
  [     883.34      344.97]
  [     668.75       324.3]
  [     866.13      348.58]
  [     780.63      338.19]
  [     834.08      481.58]
  [      723.6      475.92]
  [     806.19       665.6]
  [     692.85      660.32]
  [          0           0]
  [          0           0]]]