[[[     641.64      333.88]
  [     644.03      330.29]
  [     638.71      330.92]
  [     652.05      330.48]
  [          0           0]
  [     668.19      352.51]
  [     631.05      345.37]
  [     679.59      373.76]
  [      612.5      338.14]
  [     681.35      398.75]
  [     623.87      322.51]
  [     657.67      407.56]
  [     633.13       404.6]
  [     657.36      447.83]
  [     628.42      446.09]
  [     652.34      486.04]
  [     623.95      486.89]]

 [[     573.03      334.89]
  [          0           0]
  [     570.99      331.18]
  [          0           0]
  [     561.06       331.6]
  [     562.02      352.35]
  [     545.31      353.09]
  [          0           0]
  [     544.04      384.82]
  [          0           0]
  [     558.78       410.6]
  [     564.24      411.89]
  [     553.25      413.29]
  [      572.5      455.07]
  [     553.97      456.69]
  [     559.62       497.7]
  [     548.78       500.5]]]