[[[          0           0]
  [          0           0]
  [          0           0]
  [          0           0]
  [     912.08      243.43]
  [        831      280.81]
  [      926.4      287.16]
  [     797.51      338.55]
  [     980.41      341.02]
  [     784.89      396.89]
  [     1044.8      359.58]
  [     838.19      431.62]
  [     899.42      433.95]
  [     834.96      545.41]
  [      914.5      535.36]
  [     842.74      661.56]
  [     902.12      634.45]]

 [[     581.21      330.36]
  [      583.6      327.22]
  [     577.11      326.84]
  [          0           0]
  [     567.52      328.54]
  [     582.85      353.13]
  [     560.31      351.41]
  [      585.5      382.94]
  [     557.88      381.31]
  [     590.92      407.65]
  [     564.26      407.57]
  [     582.54      410.45]
  [     567.85       410.3]
  [     578.29      455.92]
  [     566.14       455.7]
  [     573.57      497.68]
  [     558.91      497.23]]]