[[[     830.39      207.19]
  [     839.89      196.89]
  [     817.84      200.32]
  [     859.79      207.82]
  [     805.12      215.84]
  [     894.33      273.75]
  [     786.99      281.76]
  [      931.2      348.78]
  [     760.92      349.44]
  [     948.96      419.17]
  [     774.46      361.04]
  [     886.59      444.61]
  [     817.02      449.78]
  [     902.27      553.24]
  [     815.82      560.83]
  [     898.65      673.31]
  [     837.12      671.33]]

 [[     642.09      222.81]
  [     652.13      214.08]
  [     631.19         208]
  [          0           0]
  [      595.1      204.25]
  [     635.28      279.36]
  [     559.54      269.96]
  [     639.19      368.75]
  [     544.75      372.49]
  [     657.75      442.76]
  [     573.49      463.28]
  [     634.21      462.71]
  [      585.5       463.6]
  [     623.02      608.64]
  [     583.97      615.66]
  [          0           0]
  [     568.57         720]]]