[[[     546.12      314.94]
  [          0           0]
  [     541.98      311.14]
  [          0           0]
  [     529.28      315.17]
  [     536.77      340.93]
  [     521.55      342.92]
  [          0           0]
  [     523.49      379.32]
  [          0           0]
  [     536.18      408.43]
  [     541.89      407.64]
  [     532.67      409.04]
  [        538      460.74]
  [     532.51      461.61]
  [     533.83      510.51]
  [     528.79      512.79]]

 [[     621.38      318.63]
  [     625.53       314.8]
  [     619.07      315.09]
  [     636.17       316.3]
  [          0           0]
  [     652.19      338.64]
  [     613.07      340.67]
  [     665.44       367.9]
  [     604.67      368.12]
  [     650.05         364]
  [     607.54      355.08]
  [     643.42      403.17]
  [     617.58      403.01]
  [     641.26      451.56]
  [     616.06      450.28]
  [     641.91      495.82]
  [     614.35      493.67]]]