[[[          0           0]
  [          0           0]
  [          0           0]
  [     739.42      306.96]
  [          0           0]
  [     730.97      332.65]
  [     782.08      329.17]
  [     704.67      359.73]
  [     802.98       357.5]
  [     720.14      346.28]
  [     780.06      351.07]
  [     745.51      413.54]
  [     777.39      412.14]
  [     752.55      475.54]
  [     775.84      469.72]
  [     758.88       537.5]
  [     778.35      529.86]]

 [[     573.51      331.69]
  [     574.08      328.16]
  [     569.51      328.19]
  [          0           0]
  [     557.33      329.83]
  [     570.59      352.59]
  [     544.05      353.18]
  [     574.85       381.2]
  [     540.73      384.92]
  [     583.66      405.93]
  [     550.73      410.46]
  [     572.99       410.9]
  [     555.67      412.46]
  [     576.37      454.48]
  [     557.36      456.19]
  [     573.76      497.73]
  [     557.03      499.57]]]