[[[     484.34      333.51]
  [     485.28      329.55]
  [     481.13      328.64]
  [          0           0]
  [     467.89      326.67]
  [     480.24      351.08]
  [     446.36      349.74]
  [     501.54      374.14]
  [     437.43      381.87]
  [     526.84      378.37]
  [     445.21      411.72]
  [     477.31      419.95]
  [     455.89      421.31]
  [     478.19      469.58]
  [     452.53      473.62]
  [     474.95      517.38]
  [     446.54      524.08]]

 [[     571.84      337.05]
  [     574.83      333.32]
  [          0           0]
  [     587.39      333.54]
  [          0           0]
  [     607.65      356.34]
  [     575.33      358.76]
  [     619.23      385.51]
  [     567.51      389.32]
  [     613.23      414.12]
  [     561.76      416.42]
  [     597.69      423.17]
  [     576.77      423.16]
  [     602.98         472]
  [     581.25      470.12]
  [     608.26      517.67]
  [     587.97      515.87]]]