[[[     697.64      291.26]
  [     704.56      287.53]
  [     697.59      286.42]
  [     722.78      294.53]
  [          0           0]
  [     742.68      329.96]
  [     691.45      328.42]
  [     747.24      372.64]
  [     678.78      370.95]
  [     712.21      402.92]
  [     674.02      406.93]
  [     728.77      423.84]
  [      694.6      421.65]
  [     730.91      497.82]
  [     700.56      492.04]
  [      739.7      568.14]
  [     709.61       560.6]]

 [[      569.7      284.24]
  [     571.22      278.81]
  [     562.78      279.13]
  [          0           0]
  [     544.47      283.62]
  [     568.43      323.28]
  [     529.19       314.1]
  [     569.19      365.06]
  [     537.26       315.6]
  [     584.91      371.58]
  [      560.5      271.23]
  [     569.32      417.75]
  [     541.37      417.43]
  [     561.13      487.73]
  [     533.27      494.28]
  [     549.63      557.28]
  [     524.23      567.57]]]