[[[     748.21      197.87]
  [     763.71      186.34]
  [     736.78      184.48]
  [      786.7      196.64]
  [     720.69      192.41]
  [      809.9      271.16]
  [     696.84       270.1]
  [     837.09      367.33]
  [     680.81      363.55]
  [     814.42      460.49]
  [     661.85      442.34]
  [     781.62      473.06]
  [     702.77      472.46]
  [     798.64      634.26]
  [     718.36      631.59]
  [     803.15         720]
  [          0           0]]

 [[     450.52      180.65]
  [     463.72      169.94]
  [     439.01      165.18]
  [     471.27      180.04]
  [     409.15      167.84]
  [     478.61      258.77]
  [     369.93       246.2]
  [     488.63      354.45]
  [     340.97      339.95]
  [     506.98      429.51]
  [      355.1      437.17]
  [     470.54      465.76]
  [     396.05       462.5]
  [     458.43      617.55]
  [     364.78      618.21]
  [     429.12      718.41]
  [     342.03         720]]]