[[[     512.74      251.65]
  [     517.69      243.73]
  [     502.14      245.55]
  [     523.42      251.75]
  [     485.06      255.54]
  [     539.02      307.11]
  [     468.91       309.8]
  [     551.38      371.96]
  [     452.42      372.88]
  [     564.87      419.41]
  [     455.55       433.5]
  [     534.49      440.49]
  [     488.01      443.61]
  [     531.73      532.84]
  [     480.25      542.47]
  [     520.58      624.34]
  [      469.6      638.94]]

 [[     715.83      265.68]
  [     726.51      259.27]
  [     710.65      257.58]
  [     744.56      268.35]
  [          0           0]
  [      759.5      316.94]
  [     694.73      314.74]
  [     773.07         378]
  [     686.08      376.31]
  [     746.29      430.51]
  [     673.76      430.35]
  [     744.41      445.21]
  [        701      442.44]
  [     753.05      545.19]
  [     710.37       535.7]
  [     763.38       638.8]
  [     725.37      622.12]]]