[[[     437.54      212.43]
  [     449.56      201.15]
  [     427.64       194.8]
  [          0           0]
  [     385.97      186.73]
  [      430.2      273.24]
  [     339.51      260.42]
  [     436.08      381.58]
  [     321.05      372.86]
  [      446.9      464.13]
  [     350.36      481.83]
  [     432.75      482.78]
  [      370.4      481.98]
  [     415.88       646.7]
  [     364.88       649.9]
  [          0           0]
  [          0           0]]

 [[     713.25      222.79]
  [     725.99      213.31]
  [     703.19      210.67]
  [     742.73      224.28]
  [     687.75      218.26]
  [     763.97      283.22]
  [      662.9      286.62]
  [      796.2      360.92]
  [     641.05      344.83]
  [     804.85      433.26]
  [     680.68      272.31]
  [     751.46      453.75]
  [     683.99      457.04]
  [      753.1      576.95]
  [     664.08      575.16]
  [     742.35      688.92]
  [     654.68      691.58]]]