[[[     350.39      143.02]
  [     364.46      129.93]
  [     332.19      130.76]
  [     382.27      150.57]
  [     305.25      153.05]
  [     415.83      246.08]
  [     279.18      246.79]
  [     443.52      359.84]
  [     255.04      360.05]
  [     475.37      440.49]
  [     272.88      466.58]
  [     412.34      486.09]
  [     317.73      488.87]
  [     408.45      653.69]
  [     294.31      666.23]
  [          0           0]
  [          0           0]]

 [[     647.74      196.11]
  [     657.35      179.63]
  [     645.72      183.79]
  [     704.25      177.28]
  [          0           0]
  [     772.27      255.48]
  [     659.23      263.37]
  [     812.16      368.39]
  [      641.8      370.02]
  [      793.2      475.75]
  [     625.93      454.74]
  [     751.98      494.87]
  [     674.19      494.57]
  [     784.14      667.65]
  [     690.11      663.86]
  [          0           0]
  [          0           0]]]