[[[     684.15       303.4]
  [     689.37      297.73]
  [     679.43      298.49]
  [     701.61      297.81]
  [          0           0]
  [     720.43      330.88]
  [     668.36      334.57]
  [     733.61      371.57]
  [     661.54       376.8]
  [     735.85      412.71]
  [     656.24      413.08]
  [     713.21      421.62]
  [     678.98      423.34]
  [      721.9      487.33]
  [     687.26       487.1]
  [     731.83      547.71]
  [     698.08      547.89]]

 [[     582.46      304.71]
  [          0           0]
  [      581.6      298.31]
  [          0           0]
  [     570.47      296.12]
  [     550.22      325.56]
  [     548.63      327.61]
  [          0           0]
  [     549.39      378.67]
  [          0           0]
  [     570.26      418.84]
  [     552.48      424.07]
  [     551.88      426.68]
  [     556.43      501.87]
  [     548.62      505.83]
  [     551.97      573.89]
  [     537.81      581.21]]]