[[[          0           0]
  [          0           0]
  [          0           0]
  [     616.76      273.94]
  [          0           0]
  [     614.22      307.09]
  [     677.63      307.56]
  [     604.12      360.96]
  [     699.45      358.68]
  [     593.99      410.92]
  [     691.65      400.47]
  [     627.01      421.81]
  [     670.65      423.02]
  [     621.39      504.02]
  [     670.09      513.71]
  [     625.95       585.4]
  [     671.17       601.6]]

 [[     442.01       322.3]
  [          0           0]
  [     438.51      317.29]
  [          0           0]
  [     423.02      314.49]
  [     434.66      339.63]
  [     400.57      338.98]
  [          0           0]
  [     391.62      377.57]
  [          0           0]
  [     397.64      411.69]
  [     437.17      416.88]
  [     415.18      417.85]
  [      431.2      474.42]
  [     412.87      476.86]
  [      421.3      525.17]
  [      409.5         530]]]