[[[      694.5      287.75]
  [     701.02      282.99]
  [     694.65      282.93]
  [     721.61      288.49]
  [          0           0]
  [     746.16      326.39]
  [     693.59      327.01]
  [     758.23      376.55]
  [     685.24      375.79]
  [     751.07      425.15]
  [     676.42      416.47]
  [     730.94      430.11]
  [     696.34      428.98]
  [     739.82      508.57]
  [     704.68       503.4]
  [     748.54      581.57]
  [     717.45      574.12]]

 [[     563.18      282.52]
  [     564.82      276.94]
  [     556.97      276.24]
  [          0           0]
  [     535.95      279.02]
  [     555.63      321.39]
  [     509.96      318.06]
  [     559.36       371.4]
  [     500.02       359.4]
  [     577.07      410.89]
  [     545.43      372.32]
  [      558.5      424.83]
  [      527.9      427.05]
  [     554.97      499.17]
  [     523.38      504.81]
  [     544.13      572.33]
  [     515.52      578.94]]]