[[[     555.09      316.13]
  [     559.56      312.31]
  [     551.91       312.4]
  [     568.26      314.49]
  [     547.84       314.6]
  [     579.34      340.87]
  [        539      340.99]
  [     590.06      372.81]
  [     529.85      371.45]
  [     596.25      400.51]
  [     521.57      398.07]
  [     569.42      407.42]
  [     542.93      407.09]
  [     568.35      455.88]
  [     540.27      455.55]
  [     566.27      500.52]
  [     536.44      500.09]]

 [[     462.15      315.27]
  [          0           0]
  [     459.92      311.14]
  [          0           0]
  [     448.61      313.45]
  [     445.81       339.1]
  [     432.24      339.68]
  [          0           0]
  [      427.4      374.43]
  [          0           0]
  [     436.72      405.18]
  [     450.88      408.42]
  [     442.51      409.42]
  [     446.18      462.43]
  [     437.72      463.18]
  [     442.01      514.05]
  [     432.42      516.28]]]