[[[     722.54      240.69]
  [     735.94      233.03]
  [     715.53      229.85]
  [     757.16      243.78]
  [     704.61      236.04]
  [     781.37       306.4]
  [     679.14      301.09]
  [     809.03      382.56]
  [     662.08      378.06]
  [     804.63      453.36]
  [     652.06      444.21]
  [     762.98      467.77]
  [     694.89      465.79]
  [     776.97      586.85]
  [     696.08      581.94]
  [     782.49      693.23]
  [     712.88         688]]

 [[      507.5      217.25]
  [     517.27      208.17]
  [     496.85      205.67]
  [     523.56      219.85]
  [      472.1      213.15]
  [     535.69      287.52]
  [     437.63      281.13]
  [     559.35      368.43]
  [     412.12      364.06]
  [     567.09      435.12]
  [     408.23      443.68]
  [     523.97      456.12]
  [     458.57      455.26]
  [     535.82      576.67]
  [     440.65      579.45]
  [     521.94      688.11]
  [     440.91      699.35]]]