[[[     742.01      313.83]
  [     745.97      308.25]
  [     736.38      309.95]
  [     755.25      310.61]
  [     729.58      315.22]
  [     775.24      342.31]
  [     722.26      348.39]
  [     787.17      376.68]
  [     715.79      386.18]
  [     766.53      399.01]
  [      733.6      405.59]
  [     767.48      428.18]
  [     730.35      429.23]
  [        764       491.8]
  [     721.25      490.03]
  [     761.63      550.65]
  [     711.66      547.37]]

 [[      608.9      318.23]
  [     614.07      313.27]
  [     603.26      311.47]
  [          0           0]
  [     589.63      312.52]
  [     610.56      350.44]
  [     577.88      347.27]
  [     615.11      396.53]
  [      571.8      395.79]
  [     623.12      431.92]
  [      583.1      437.29]
  [     610.76      438.19]
  [     590.54      438.57]
  [     602.04      505.46]
  [     591.32      508.87]
  [     594.03      567.53]
  [     583.31      574.39]]]