[[[     526.74      319.85]
  [     531.69      315.85]
  [      522.3      314.42]
  [     535.48      320.15]
  [     512.12      316.19]
  [     541.08      351.73]
  [     494.17      346.44]
  [     548.68      390.22]
  [     479.23      382.39]
  [     550.38      419.46]
  [     471.51       418.4]
  [     524.37      427.81]
  [     494.83      425.58]
  [     515.97      483.79]
  [     489.82      482.57]
  [     502.67      538.44]
  [     487.89      539.55]]

 [[     609.05      342.55]
  [      613.9      337.57]
  [     605.91      337.32]
  [     624.77      332.93]
  [      601.6      332.67]
  [     640.74      353.96]
  [     593.69      354.96]
  [     655.42      384.39]
  [     582.73      386.49]
  [     643.21      411.18]
  [     583.22      414.24]
  [      628.8      430.98]
  [      598.3      430.66]
  [     631.14      485.79]
  [     601.22       484.3]
  [     631.82      538.11]
  [     602.07      537.66]]]