[[[     753.33      327.22]
  [     757.13      323.07]
  [     748.69       323.7]
  [     763.61      327.11]
  [     742.18       328.4]
  [     775.66      356.32]
  [     733.12      356.49]
  [     783.86      389.24]
  [      724.9      389.29]
  [     791.89      418.09]
  [     718.83      417.42]
  [     764.61      427.04]
  [     736.41      425.91]
  [     761.26      480.16]
  [     727.18      476.87]
  [     756.22      529.06]
  [     727.48      523.35]]

 [[     635.83      334.79]
  [     639.88      330.26]
  [     630.88      329.72]
  [          0           0]
  [     619.43      330.84]
  [     634.61      360.76]
  [     612.67      360.17]
  [     637.93      398.94]
  [     609.34      400.39]
  [     645.97       428.7]
  [     620.64      431.78]
  [     637.24      432.64]
  [     623.73      433.29]
  [     628.59      489.24]
  [      621.6      490.78]
  [     620.74      541.04]
  [     611.57      543.76]]]