[[[     764.92       310.5]
  [     769.16      306.57]
  [     760.73       306.7]
  [     776.19      310.53]
  [     754.39      310.57]
  [     787.56      340.14]
  [     744.24      339.81]
  [     797.85      373.26]
  [     735.27      372.34]
  [     802.61      401.89]
  [     730.82      402.06]
  [     776.04      412.37]
  [     747.19      411.37]
  [     771.54      463.78]
  [     738.24      461.78]
  [     764.82      512.54]
  [     734.22      508.87]]

 [[     647.72      318.16]
  [     651.76      313.74]
  [     642.86      312.93]
  [          0           0]
  [     630.88       313.1]
  [     646.67      343.37]
  [     622.05       341.5]
  [     651.32       382.4]
  [     619.46      381.59]
  [     658.25      412.86]
  [     630.06      415.48]
  [     648.05      415.68]
  [     632.47      415.76]
  [     637.13      471.54]
  [     628.42      472.79]
  [      631.9      524.09]
  [     619.32      526.49]]]