[[[      679.5      264.25]
  [     684.56      256.72]
  [     669.56      258.01]
  [          0           0]
  [     652.13      265.38]
  [     706.19      309.06]
  [     633.72      312.84]
  [     726.66      364.35]
  [     622.93      373.64]
  [     733.91      414.07]
  [     619.97      427.82]
  [     701.52      431.59]
  [     652.98      433.58]
  [     706.86      522.25]
  [      651.2      523.47]
  [     703.74      607.47]
  [     654.48      608.59]]

 [[     810.65      258.13]
  [     820.77      247.26]
  [     804.27      248.99]
  [      847.2      246.02]
  [          0           0]
  [     870.21       299.8]
  [     815.42       302.9]
  [     879.13      377.08]
  [        816      378.53]
  [     855.77      448.99]
  [     794.92      439.47]
  [     852.56      459.79]
  [     816.38      457.53]
  [     867.25      580.23]
  [     830.51      564.31]
  [     887.18      691.49]
  [     855.67      663.33]]]