[[[      918.2      58.405]
  [     932.67      45.168]
  [     892.06      50.585]
  [     955.55      78.219]
  [      861.5      93.828]
  [       1018      176.07]
  [     835.77      202.96]
  [       1124      231.09]
  [     814.51      341.76]
  [     1134.2      135.04]
  [     804.14      452.04]
  [     993.68      486.25]
  [      870.9      493.09]
  [     1010.1      700.61]
  [     872.07      704.86]
  [          0           0]
  [          0           0]]

 [[     580.87      142.52]
  [     597.91      130.56]
  [     564.03      126.28]
  [     612.52      151.53]
  [     529.87      141.87]
  [     635.74      246.83]
  [      481.7      238.47]
  [      668.4      363.19]
  [     450.04      354.51]
  [     675.86      465.33]
  [     435.74      468.47]
  [     612.06      492.27]
  [     508.48      489.74]
  [      618.1      679.06]
  [        504      676.72]
  [          0           0]
  [          0           0]]]