[[[     773.36      296.31]
  [     780.18      291.07]
  [     770.32      291.41]
  [     797.07      294.31]
  [          0           0]
  [     816.24      328.76]
  [     760.66      330.06]
  [     825.69      372.55]
  [     748.74      371.09]
  [     813.17      411.54]
  [      751.5      406.83]
  [     802.41      420.51]
  [      764.7       420.3]
  [     809.89      486.23]
  [     763.58      484.46]
  [     813.43      544.43]
  [     771.28      544.51]]

 [[     683.26       311.1]
  [     685.24      306.28]
  [     677.21      306.78]
  [          0           0]
  [     663.22      311.06]
  [      693.5      342.58]
  [     645.37      338.28]
  [     706.48       379.3]
  [     628.56      351.19]
  [     707.61      415.52]
  [     648.56      312.96]
  [     686.65      423.47]
  [     654.71      422.72]
  [     691.82      486.53]
  [     656.02       484.2]
  [      691.1      545.78]
  [     654.23      537.96]]]