[[[     866.76      282.33]
  [      874.5      277.39]
  [     866.47      276.48]
  [     894.69      282.61]
  [          0           0]
  [     910.25      318.38]
  [     864.09      318.94]
  [     894.66       346.7]
  [     838.77      352.99]
  [     852.37      339.88]
  [     802.07       355.8]
  [     890.06      422.01]
  [     858.05      419.12]
  [     895.11      499.56]
  [     859.02      488.58]
  [     902.04      568.94]
  [     867.64      555.29]]

 [[     714.48      304.38]
  [     719.97      299.45]
  [     708.69      298.45]
  [          0           0]
  [      696.4      299.08]
  [        725      334.84]
  [     683.66      332.65]
  [     731.07      376.52]
  [     672.63      377.12]
  [     739.43      413.67]
  [     677.32      419.05]
  [     722.51      423.94]
  [     695.44      424.09]
  [     717.23       490.1]
  [     692.25      491.89]
  [     712.25      551.23]
  [     682.52      554.24]]]