[[[     536.17      307.05]
  [     540.66      302.53]
  [      531.6       302.9]
  [     549.15      303.73]
  [     525.16      304.28]
  [     561.84      331.27]
  [     515.48       332.9]
  [     573.57      366.19]
  [     503.51      368.29]
  [      578.7      399.76]
  [     506.07      402.26]
  [     558.88      408.08]
  [     528.94      409.75]
  [     558.68      464.58]
  [     531.64      467.71]
  [     557.65      518.66]
  [     531.47       523.1]]

 [[     667.13      288.05]
  [     672.74      283.43]
  [     662.79      283.56]
  [     683.58      286.44]
  [          0           0]
  [     693.09      314.95]
  [     659.27      316.93]
  [     694.37      350.31]
  [      657.8      353.38]
  [     659.95      357.69]
  [     642.52       360.9]
  [     684.42      399.91]
  [     661.38      399.68]
  [        687      464.05]
  [     667.09      460.98]
  [     697.08      526.18]
  [     676.52      521.15]]

 [[          0           0]
  [          0           0]
  [          0           0]
  [     5.6249      393.48]
  [          0           0]
  [     19.717      431.72]
  [     72.588      404.53]
  [          0           0]
  [          0           0]
  [          0           0]
  [          0           0]
  [          0           0]
  [          0           0]
  [          0           0]
  [          0           0]
  [          0           0]
  [          0           0]]]