[[[     566.36      282.57]
  [     570.41      275.82]
  [     558.49      276.13]
  [          0           0]
  [     543.75      279.44]
  [     585.43      318.26]
  [     527.79      317.17]
  [      605.6      365.25]
  [     511.18      365.29]
  [     614.91      355.85]
  [     543.58      357.21]
  [      584.2      417.14]
  [     545.95      417.76]
  [     582.26      488.53]
  [     539.98      488.77]
  [     579.28      557.56]
  [     535.58       557.9]]

 [[      636.4      283.87]
  [     637.95      276.46]
  [          0           0]
  [     654.56      273.21]
  [          0           0]
  [     690.95      310.58]
  [     660.84      313.99]
  [     698.67      368.65]
  [     654.65      374.58]
  [     678.41      423.94]
  [     645.69      423.26]
  [     681.57      429.23]
  [     661.64      427.69]
  [     690.59      516.13]
  [      664.5      508.68]
  [     702.48      600.26]
  [      683.4         589]]]