[[[     724.13      328.95]
  [     728.39      324.42]
  [     720.37       325.2]
  [     738.63      325.43]
  [          0           0]
  [     750.74      352.13]
  [     717.66      354.13]
  [     758.91      385.66]
  [     713.64      388.32]
  [      754.4      416.66]
  [     707.48      415.91]
  [     741.23      423.34]
  [     719.79      423.33]
  [     746.47      478.18]
  [     726.43      473.96]
  [      756.7      528.95]
  [     737.49      521.74]]

 [[          0           0]
  [          0           0]
  [          0           0]
  [          0           0]
  [          0           0]
  [          0           0]
  [          0           0]
  [          0           0]
  [          0           0]
  [          0           0]
  [          0           0]
  [          0           0]
  [          0           0]
  [          0           0]
  [          0           0]
  [          0           0]
  [          0           0]]]