[[[     656.53      302.79]
  [     661.49      297.09]
  [     650.02      298.45]
  [     670.31      301.46]
  [     641.28      304.68]
  [     686.57      338.19]
  [     629.77      340.48]
  [      699.5       381.9]
  [     618.73      379.67]
  [     705.86      418.27]
  [      613.9      400.12]
  [     676.91      430.86]
  [     639.06      432.04]
  [     684.94       499.1]
  [     640.86      499.74]
  [     688.17      562.43]
  [     644.17      561.84]]

 [[      721.3      295.99]
  [      726.3      290.22]
  [          0           0]
  [     748.07      293.31]
  [          0           0]
  [     766.78      331.38]
  [     748.18      328.16]
  [     766.83      387.17]
  [          0           0]
  [     752.29       433.2]
  [          0           0]
  [     757.28      437.53]
  [      745.5      434.75]
  [     759.52      523.15]
  [     749.59      517.95]
  [     773.22      607.33]
  [     761.44      597.82]]]