[[[     401.92      283.96]
  [     411.07      278.17]
  [     394.81      276.12]
  [     422.32      285.97]
  [     381.31      280.56]
  [     437.26      330.21]
  [      356.4      327.31]
  [     455.96       384.9]
  [      339.2      386.37]
  [     459.94      440.79]
  [     330.83      441.12]
  [     424.27      451.69]
  [     370.92      451.15]
  [     428.41      544.81]
  [      374.1      543.02]
  [     432.22      627.95]
  [     379.29      623.93]]

 [[     570.11      271.07]
  [     577.26      263.52]
  [     561.71      264.68]
  [     590.01      268.65]
  [      550.1      271.28]
  [     610.76      317.06]
  [     532.49      318.88]
  [     626.21      373.41]
  [     515.77         370]
  [     633.68      426.79]
  [     531.04      397.59]
  [     596.36      440.48]
  [     544.13      442.12]
  [     602.09      532.41]
  [     548.01      532.95]
  [     608.09      618.87]
  [     549.64      618.62]]]