[[[     192.14      184.19]
  [     210.91      171.06]
  [     176.19       167.9]
  [     235.98       182.4]
  [     151.37         176]
  [     272.02      264.81]
  [      105.3      261.74]
  [     309.29      372.62]
  [     63.664      368.79]
  [     312.84      466.98]
  [     46.527      473.66]
  [     243.17      497.06]
  [      134.3      497.01]
  [     257.13      676.64]
  [     135.13      680.25]
  [          0           0]
  [          0           0]]

 [[     519.99      192.41]
  [     531.83      181.52]
  [     507.69      179.67]
  [     544.74      194.01]
  [     484.55      189.69]
  [     569.29      263.91]
  [     453.12      264.49]
  [     599.92      348.39]
  [     445.65       351.2]
  [     572.11      386.29]
  [     540.78       349.3]
  [     562.34      459.84]
  [     481.69      462.74]
  [     563.56      606.44]
  [     470.43      607.88]
  [     561.96      711.91]
  [     468.06      715.55]]]