[[[     536.94       322.1]
  [     542.01      317.68]
  [     532.62      317.37]
  [     550.39      319.23]
  [     525.33      318.12]
  [     560.45      346.16]
  [     512.94      346.28]
  [     568.35      382.08]
  [      502.1      383.81]
  [     572.58      414.89]
  [     505.47      420.07]
  [     554.78      423.93]
  [      523.8      424.67]
  [     548.75      482.06]
  [     522.16      485.32]
  [     545.22      535.78]
  [     518.45      541.55]]

 [[     677.88      309.74]
  [     682.56      305.43]
  [          0           0]
  [     696.01      308.53]
  [          0           0]
  [      713.2      337.99]
  [     684.29      338.37]
  [     718.98      376.27]
  [     685.21      376.38]
  [     683.17      383.22]
  [     670.03      383.97]
  [     701.95      420.36]
  [     681.24      418.06]
  [     703.46      480.94]
  [     679.21      476.28]
  [     711.01      539.21]
  [     688.61      530.81]]]