[[[     189.94      178.08]
  [     208.58      165.26]
  [     173.48      163.23]
  [     234.48      179.41]
  [     149.21      175.49]
  [     272.58      261.63]
  [     104.83      259.73]
  [     309.12       370.5]
  [     63.298      366.94]
  [     312.26      464.89]
  [      46.33      472.15]
  [     242.97      495.39]
  [     133.19      495.47]
  [     256.05      677.22]
  [      136.1      680.72]
  [          0           0]
  [          0           0]]

 [[     522.61       187.3]
  [     535.29       176.9]
  [     510.06       175.1]
  [     549.39      191.41]
  [     486.92      187.59]
  [     573.99      263.11]
  [     454.96      263.25]
  [     606.65      343.96]
  [     422.03         343]
  [     584.41       384.3]
  [     441.74      365.77]
  [     561.58      464.69]
  [     481.32       466.1]
  [     563.48      608.59]
  [     466.76      611.43]
  [     555.51      711.39]
  [        471      713.89]]]