[[[     538.98      319.86]
  [     543.66      315.63]
  [     534.19      315.34]
  [     550.14      319.21]
  [     525.64      317.98]
  [     558.83      348.02]
  [     512.36      347.69]
  [     567.26      383.36]
  [     501.89      384.44]
  [     571.37       415.5]
  [     506.69      420.09]
  [      554.6      423.79]
  [      524.3      424.56]
  [     548.87      481.17]
  [     522.37      484.64]
  [     545.33      534.66]
  [     518.46      540.25]]

 [[     670.69      310.88]
  [     674.89      306.88]
  [          0           0]
  [     688.36      309.85]
  [          0           0]
  [      703.5      338.76]
  [     680.62      338.73]
  [     703.36      374.02]
  [          0           0]
  [     673.16       379.2]
  [          0           0]
  [     693.83      419.78]
  [     677.85      418.45]
  [     697.25      478.38]
  [     678.79      475.57]
  [     709.31      536.24]
  [     689.26      530.59]]]