[[[     608.62      319.61]
  [     612.49      315.82]
  [     604.78      316.03]
  [     619.38      318.45]
  [     598.91         319]
  [      630.6      345.31]
  [      589.6      345.51]
  [     641.62      375.74]
  [     580.52      376.24]
  [     640.61      402.65]
  [     576.12      405.28]
  [     622.07      411.77]
  [     594.54      411.48]
  [     624.36      458.59]
  [     590.23      456.96]
  [     626.32      505.45]
  [     589.62      503.92]]

 [[     654.27      325.91]
  [     657.58      320.99]
  [     652.77      321.45]
  [     669.61      318.44]
  [          0           0]
  [     685.57      342.77]
  [     664.67      342.43]
  [     685.48      375.21]
  [          0           0]
  [     655.95      376.34]
  [          0           0]
  [     676.81      413.64]
  [      663.1      412.14]
  [     676.65      469.94]
  [     668.79      468.02]
  [      685.4      522.42]
  [     677.04      520.55]]]