[[[      660.9      330.98]
  [      664.1      327.39]
  [     656.55      327.18]
  [     667.14      330.36]
  [     647.97      329.48]
  [     674.63      353.94]
  [     635.76      353.55]
  [     684.29      382.72]
  [     626.81      383.11]
  [     686.34      410.31]
  [        625      407.92]
  [     669.59      416.02]
  [     644.37      416.43]
  [     671.56      462.83]
  [     645.75      463.75]
  [     673.09      506.73]
  [     648.57       507.1]]

 [[     735.19      324.19]
  [     739.07      319.96]
  [     731.93      320.56]
  [     748.31      320.48]
  [     728.44      322.24]
  [     762.66      342.06]
  [     721.87      345.44]
  [     775.22      368.86]
  [     711.98      374.28]
  [     763.26      365.03]
  [     724.84      368.55]
  [     754.29      409.69]
  [     727.26      411.11]
  [     757.74      459.21]
  [     729.08      460.29]
  [     764.48      505.13]
  [     734.33      506.31]]]