[[[     446.52      245.26]
  [     458.24      235.28]
  [        436      234.81]
  [      477.9      240.21]
  [     422.79      239.62]
  [     502.92      299.13]
  [     400.07      300.01]
  [     532.61      379.67]
  [     376.33      380.78]
  [     530.74      450.35]
  [     369.35      448.79]
  [      486.6      464.68]
  [     419.81      465.43]
  [     499.73      585.12]
  [     418.34      587.33]
  [     494.55      696.34]
  [     435.44      698.25]]

 [[     660.48      220.57]
  [     674.45      210.28]
  [     653.88      207.47]
  [     700.25      218.03]
  [     649.18      212.63]
  [     727.98      276.99]
  [     625.47      282.73]
  [     738.67      348.51]
  [     598.12      362.22]
  [     675.97      320.41]
  [      587.9      317.39]
  [     708.51      456.82]
  [     638.56      457.91]
  [     727.67      581.99]
  [      640.9      581.14]
  [     730.11      692.47]
  [     656.71      700.68]]]