[[[     602.95      327.11]
  [      607.1      323.85]
  [     599.78      323.93]
  [     615.65      328.31]
  [     595.91       328.5]
  [     627.39      354.75]
  [     587.86      354.96]
  [     639.19      383.94]
  [     579.72      383.81]
  [     640.05      409.02]
  [     578.21      411.17]
  [     621.83      416.63]
  [     595.99       416.9]
  [     622.76      463.26]
  [     597.73      463.72]
  [     624.37      507.45]
  [     598.52      508.83]]

 [[     698.37      321.52]
  [     701.91      317.51]
  [     694.29      318.17]
  [     708.82      319.62]
  [     688.32      321.09]
  [     720.52      344.72]
  [     679.22      347.04]
  [     729.02      374.77]
  [     674.68      380.05]
  [     729.84      402.86]
  [     675.84      409.43]
  [     715.33      410.78]
  [     687.68      411.76]
  [     717.07      459.76]
  [     687.11      460.38]
  [     716.19      505.05]
  [     687.61      505.57]]]