[[[     584.63      249.77]
  [     594.43      240.98]
  [      574.5      240.44]
  [     608.52      244.78]
  [     558.13      242.77]
  [     625.13      300.88]
  [     535.14       300.4]
  [     638.97      372.72]
  [     514.55      374.94]
  [     650.64      434.58]
  [     522.48      446.79]
  [      615.4      455.22]
  [     556.27      457.82]
  [      616.3         563]
  [      558.3      573.72]
  [     604.05      662.44]
  [      552.1      682.28]]

 [[      862.6      210.18]
  [     873.14      199.09]
  [          0           0]
  [     909.15      203.55]
  [          0           0]
  [      949.4      265.59]
  [     879.64      270.03]
  [     980.27       361.6]
  [     886.11      346.99]
  [     944.75      439.67]
  [     858.26      343.74]
  [      925.7      449.03]
  [     879.07      446.56]
  [     937.84      582.66]
  [     875.61      569.33]
  [     945.98      696.65]
  [     894.21      678.16]]]