[[[     519.78      320.17]
  [     520.73      315.95]
  [     514.68      317.15]
  [     525.16      316.72]
  [     508.28      318.92]
  [      542.8      342.82]
  [      501.9      333.68]
  [     553.94      369.96]
  [     476.08      324.04]
  [     556.78         398]
  [     494.92      303.09]
  [      534.8      405.71]
  [     508.05      403.14]
  [     536.01      452.19]
  [     509.72      451.32]
  [      538.8      498.73]
  [     505.37      500.63]]

 [[     568.39      321.96]
  [     569.84      317.41]
  [          0           0]
  [     580.32      315.11]
  [          0           0]
  [     595.96      336.88]
  [     591.93      334.38]
  [      591.6      375.31]
  [          0           0]
  [      579.1      404.19]
  [          0           0]
  [     589.59      407.81]
  [     587.89      406.14]
  [     592.26      462.84]
  [     591.79      462.35]
  [      600.2      517.37]
  [     597.96      516.78]]]