[[[     554.54      311.55]
  [     558.52      306.67]
  [     549.23      307.59]
  [     565.73      309.25]
  [     541.73      311.11]
  [     578.29       337.6]
  [     530.26      338.03]
  [     586.27       373.2]
  [     514.75      368.32]
  [     588.26      401.77]
  [     535.33      372.67]
  [     570.72      416.88]
  [     538.81      417.87]
  [     577.79       476.3]
  [     540.03      477.28]
  [     579.94      535.27]
  [      541.4      535.75]]

 [[     607.89      311.75]
  [     610.79      306.51]
  [          0           0]
  [     624.67      305.58]
  [          0           0]
  [     641.94      335.01]
  [     633.55      332.89]
  [     641.18      382.46]
  [          0           0]
  [     627.74      418.08]
  [          0           0]
  [        636      423.87]
  [      630.6      421.77]
  [     639.77      493.17]
  [     636.24      490.61]
  [     651.61      558.71]
  [     643.14      554.27]]]