[[[     650.77       316.1]
  [     651.69      312.92]
  [     647.09      312.85]
  [          0           0]
  [     635.83      313.31]
  [     650.28      333.68]
  [     623.54      333.09]
  [     653.87      357.36]
  [     627.85      358.04]
  [     655.56      365.16]
  [     654.61      362.96]
  [     649.48      390.43]
  [     629.79      391.03]
  [     654.31      431.49]
  [     625.63       432.7]
  [     654.78      470.68]
  [     620.03      471.41]]

 [[     577.13      317.36]
  [      579.3      313.75]
  [     573.26      313.29]
  [          0           0]
  [     562.17      313.28]
  [     571.53      335.45]
  [     553.87      335.07]
  [     576.26      365.22]
  [     553.32      367.38]
  [     583.57      389.82]
  [     567.84      392.33]
  [      573.1      392.45]
  [     562.37         393]
  [     568.02      438.22]
  [      563.1      438.37]
  [     561.79      481.82]
  [     556.26      482.03]]]