[[[        640      313.14]
  [     643.04      309.88]
  [     637.34      310.11]
  [     649.53      310.69]
  [     633.14      311.34]
  [     661.06      329.39]
  [     625.23      330.69]
  [     672.13      352.81]
  [     616.51         354]
  [     654.86      347.73]
  [      631.6      348.62]
  [     654.61      387.48]
  [     630.31      387.87]
  [     655.44      430.22]
  [     628.74      431.03]
  [     654.25      470.46]
  [     624.97      472.45]]

 [[          0           0]
  [          0           0]
  [          0           0]
  [          0           0]
  [     572.25      314.76]
  [     553.92      332.35]
  [     565.59       334.3]
  [          0           0]
  [     568.67      364.22]
  [          0           0]
  [     583.03      387.15]
  [     558.29      389.79]
  [     566.63      391.28]
  [     563.75      435.89]
  [     565.02      437.18]
  [     558.83      480.28]
  [     557.89      483.82]]]