[[[     603.91      309.49]
  [      607.4      305.89]
  [     599.89      305.68]
  [     612.02      308.21]
  [     592.08      307.32]
  [     620.51      332.87]
  [     578.87       331.7]
  [     630.08      362.91]
  [     570.11      362.66]
  [     632.12      389.88]
  [     568.34      393.13]
  [     613.69      395.95]
  [     586.44         396]
  [     615.47      445.19]
  [     590.15      445.12]
  [     620.13      490.82]
  [     590.31      490.82]]

 [[     522.39      302.62]
  [     526.11      298.66]
  [     518.28      297.61]
  [          0           0]
  [     508.46      298.12]
  [     534.79      326.47]
  [     492.23      321.71]
  [     546.14      356.94]
  [     477.34      347.98]
  [     534.16      351.03]
  [     500.54       342.1]
  [     526.65      395.69]
  [      498.1       394.4]
  [     526.29       446.3]
  [     493.74       446.4]
  [     524.09      493.37]
  [     488.88       495.6]]]