[[[       1046      164.69]
  [       1058         149]
  [     1029.5       155.6]
  [     1084.8      153.62]
  [       1014      168.69]
  [     1129.3      225.48]
  [     994.36      239.13]
  [     1167.7      313.51]
  [     957.66      324.78]
  [       1190      392.06]
  [     996.56      351.83]
  [     1111.5      434.17]
  [     1021.3      441.16]
  [     1127.2      574.01]
  [       1019      581.63]
  [     1116.6      710.88]
  [     1039.6      695.28]]

 [[     820.87       182.2]
  [      833.8      169.83]
  [     809.74       164.2]
  [          0           0]
  [     770.72      155.71]
  [     816.97      243.87]
  [     733.46      232.85]
  [     822.18      351.11]
  [     724.45      344.77]
  [     838.01      428.45]
  [     753.67       448.2]
  [     817.44      446.21]
  [      761.1      445.77]
  [     796.32      610.89]
  [     759.63      614.91]
  [          0           0]
  [     734.01      713.29]]]