[[[     638.23      313.28]
  [     640.72       309.8]
  [      634.6      310.41]
  [     645.56       310.8]
  [     629.33      312.29]
  [     657.59       328.7]
  [     621.68      331.09]
  [     671.96      350.73]
  [     611.15      354.44]
  [     657.99      345.66]
  [     629.67      346.21]
  [     652.98      386.81]
  [     628.97      387.79]
  [      653.2      430.16]
  [     625.66       430.8]
  [     656.25      471.76]
  [     622.05      471.85]]

 [[     579.62      316.71]
  [     580.68      313.03]
  [     575.73      312.95]
  [          0           0]
  [     563.97      313.67]
  [     570.21      334.34]
  [     556.07       335.2]
  [          0           0]
  [     553.94      367.65]
  [          0           0]
  [      566.5      392.32]
  [     572.12      391.76]
  [     563.71      392.71]
  [     567.79      437.86]
  [     563.99       438.1]
  [     561.11      481.86]
  [     555.56         482]]]