[[[     868.73      321.91]
  [     872.43      317.39]
  [     867.09      318.05]
  [     886.36      315.15]
  [          0           0]
  [     908.12       337.9]
  [     868.72      340.58]
  [     920.44      368.83]
  [     862.64      371.32]
  [     915.84      403.54]
  [     855.43      397.19]
  [     897.44      409.93]
  [     871.79      409.94]
  [     903.33      463.17]
  [     876.34       460.7]
  [     906.75      513.16]
  [     884.03      510.16]]

 [[     759.93      318.41]
  [     761.76      314.63]
  [        757      313.87]
  [          0           0]
  [     745.76      310.33]
  [     750.52      335.25]
  [      730.4      331.85]
  [     750.48      370.49]
  [     721.11      367.34]
  [     760.78      396.24]
  [      732.4      401.67]
  [     745.25      402.31]
  [     732.81      402.15]
  [     741.99      453.37]
  [     735.24      454.02]
  [     737.98       499.8]
  [     723.27      502.24]]]