[[[     650.45      311.92]
  [      653.7      308.65]
  [     647.63      308.86]
  [     660.37      310.74]
  [     643.69      311.17]
  [     671.58      330.93]
  [     635.83      331.64]
  [      683.7      354.31]
  [     625.51      355.14]
  [      671.9      367.28]
  [     636.67      367.96]
  [     663.53      386.45]
  [     640.59      386.32]
  [     659.88      428.97]
  [     638.27      428.55]
  [     656.53      470.04]
  [     635.36      469.28]]

 [[     582.68      316.15]
  [          0           0]
  [     579.54      312.15]
  [          0           0]
  [     568.24      311.89]
  [     570.07      332.91]
  [     558.16      332.79]
  [          0           0]
  [     556.28      365.04]
  [          0           0]
  [     569.57      391.34]
  [     571.51      390.61]
  [     564.56      391.25]
  [     568.23      437.52]
  [     564.79       437.5]
  [     561.67      481.44]
  [     556.74      481.91]]]