[[[     443.38      298.38]
  [     447.79      294.75]
  [     439.79      293.58]
  [     451.98      298.83]
  [     431.22      295.36]
  [     456.95      326.12]
  [     412.72      320.27]
  [     463.17      358.12]
  [     391.97      348.46]
  [     453.12      374.36]
  [     410.49      365.15]
  [     441.36         397]
  [     411.65      394.58]
  [     441.08      448.33]
  [     402.03       447.1]
  [     435.34      496.66]
  [     394.36       496.8]]

 [[     526.26      308.08]
  [     530.49      304.42]
  [     522.75      304.12]
  [     537.15       306.9]
  [     516.45      306.01]
  [     545.78      331.22]
  [     504.02       330.7]
  [     553.16      360.83]
  [     492.65      360.63]
  [     553.52      389.17]
  [     487.83      391.09]
  [     533.42      395.96]
  [     506.01      395.57]
  [     532.63      445.32]
  [     504.32      445.52]
  [     532.43      491.42]
  [     504.07      491.97]]]