[[[          0           0]
  [          0           0]
  [          0           0]
  [     929.36      238.89]
  [     972.66      243.93]
  [     902.75      272.38]
  [        990      287.34]
  [     873.49      323.53]
  [     1019.4      351.65]
  [     862.43       373.4]
  [       1039      381.19]
  [      901.9      405.24]
  [     961.85      412.66]
  [     881.82      494.86]
  [     966.58      510.58]
  [     879.11      589.03]
  [     957.26      610.27]]

 [[     582.37      314.86]
  [     583.99      311.17]
  [     577.68      311.49]
  [          0           0]
  [     567.07      313.74]
  [     584.02      335.28]
  [     561.36      335.47]
  [     587.43      366.64]
  [     562.63       353.5]
  [     594.26      390.59]
  [     578.21      332.48]
  [     585.55      391.08]
  [     570.21      392.47]
  [      582.3      436.74]
  [     567.48      438.68]
  [     575.47      480.52]
  [     561.77      479.64]]]