[[[     647.73      313.01]
  [     650.77      309.82]
  [      644.8      310.01]
  [     656.41      312.25]
  [     640.45      312.56]
  [     667.03      332.58]
  [     632.31      333.21]
  [     681.41      354.32]
  [        621      356.19]
  [     670.62      366.11]
  [     632.55      369.12]
  [     658.89      388.25]
  [      636.6      387.99]
  [     656.62      430.45]
  [     633.95      429.19]
  [     653.47      470.84]
  [     628.95      468.39]]

 [[      577.7       320.3]
  [     579.51      316.59]
  [     574.57      316.09]
  [          0           0]
  [     563.59      314.64]
  [     567.31      335.66]
  [     553.06      334.86]
  [          0           0]
  [     552.51      365.83]
  [          0           0]
  [     569.13      390.42]
  [     568.27       392.1]
  [      559.8      392.76]
  [      563.9      437.53]
  [     560.72      438.36]
  [     555.94      480.73]
  [     552.58      482.53]]]