[[[     644.63      313.36]
  [     646.92      310.01]
  [     640.77      310.48]
  [     649.97      311.45]
  [     633.63      312.18]
  [     658.06       333.3]
  [      623.1      333.76]
  [     669.65      357.92]
  [     616.21      360.36]
  [     676.94      380.25]
  [     612.68      383.14]
  [     652.42       388.8]
  [     629.21      389.31]
  [     655.79      429.61]
  [     627.75       430.7]
  [     654.88      470.28]
  [     624.09      471.88]]

 [[     580.55      315.23]
  [          0           0]
  [     578.01      311.47]
  [          0           0]
  [     568.17      313.05]
  [     567.02      334.63]
  [     557.56      334.91]
  [          0           0]
  [      555.3      365.69]
  [          0           0]
  [      566.3      391.71]
  [     569.31       391.8]
  [     563.93      392.48]
  [     566.68      437.79]
  [     562.63      437.82]
  [     560.59      481.34]
  [     556.42      482.52]]]