[[[     640.93      321.03]
  [     644.36       317.8]
  [     638.12      317.78]
  [     650.67      316.48]
  [     633.29      316.33]
  [      659.6      333.52]
  [     625.43      333.83]
  [     670.14      356.56]
  [     616.28      358.42]
  [     667.79      378.52]
  [      615.5      382.32]
  [      654.1      390.09]
  [     631.05      390.29]
  [      657.3         430]
  [     631.47      429.55]
  [     670.78      470.24]
  [     631.91      468.23]]

 [[     591.27      325.34]
  [          0           0]
  [     589.48      320.61]
  [          0           0]
  [     579.61      317.52]
  [     576.76      337.88]
  [      564.1      335.59]
  [          0           0]
  [     558.58      365.35]
  [          0           0]
  [     567.67      392.35]
  [     575.53      394.57]
  [      568.1      394.84]
  [     574.79      437.06]
  [     569.32      438.46]
  [     570.67      476.96]
  [     566.38      480.81]]]