[[[      771.9      202.77]
  [     782.62      193.19]
  [     761.66       192.8]
  [     799.15      199.73]
  [     747.01      199.54]
  [     825.56      258.67]
  [     720.89      261.48]
  [     857.73      331.74]
  [     697.05      335.03]
  [     824.02      341.26]
  [     743.44      319.56]
  [     811.64      422.42]
  [     743.83      423.67]
  [     819.03       541.8]
  [     747.04      539.23]
  [     820.47      656.32]
  [     756.52      653.36]]

 [[     560.58      214.56]
  [     572.96      204.49]
  [     551.42      198.26]
  [          0           0]
  [     518.91      187.87]
  [     563.79      263.52]
  [     482.95      252.95]
  [     572.06       357.8]
  [     478.58      354.13]
  [     583.72      424.02]
  [     506.77      443.56]
  [     570.28      442.54]
  [     515.75      442.77]
  [     558.35      589.16]
  [     515.21      591.82]
  [     541.65      696.72]
  [     503.21      717.74]]]