[[[     658.03      314.23]
  [     661.66       311.1]
  [     655.01      310.98]
  [     667.85      313.55]
  [     649.97      313.01]
  [      675.5      335.89]
  [     640.45      334.88]
  [     681.01      362.49]
  [     631.31      359.47]
  [     681.54      385.82]
  [     625.68      382.35]
  [     665.61      390.18]
  [     643.46      389.61]
  [     662.67      430.71]
  [      643.8       430.4]
  [     655.27      470.91]
  [     645.16       471.1]]

 [[      575.7      322.73]
  [     578.33      319.23]
  [     572.97      318.44]
  [          0           0]
  [     562.92      315.73]
  [     562.88      335.53]
  [     552.63      333.56]
  [          0           0]
  [     549.44      362.51]
  [          0           0]
  [     560.41      387.73]
  [     560.48       392.1]
  [     555.21      392.46]
  [     559.84      437.11]
  [     564.88      437.64]
  [     552.77      480.75]
  [      555.1      482.75]]]