[[[     654.21      317.71]
  [     657.12      314.76]
  [     650.93      314.43]
  [     660.95       315.8]
  [     644.08      314.62]
  [     668.69      335.11]
  [     633.49      334.17]
  [     679.94      356.78]
  [     626.62      359.19]
  [     669.93       370.9]
  [     628.25      383.68]
  [     661.09      389.61]
  [     638.23      388.85]
  [     656.48      430.06]
  [      635.4      429.98]
  [     653.93      468.11]
  [     630.44      468.37]]

 [[     579.82      325.11]
  [          0           0]
  [     577.76      320.92]
  [          0           0]
  [     567.86      317.65]
  [     569.41      334.41]
  [     555.08         335]
  [          0           0]
  [     566.93      359.13]
  [          0           0]
  [      580.4      335.71]
  [     570.19      390.77]
  [     560.77      391.89]
  [     565.46      436.35]
  [      562.1      437.92]
  [     555.99      479.11]
  [     554.08      481.88]]]