[[[     641.58      313.11]
  [     645.15      309.75]
  [     638.58      309.95]
  [     652.28      311.48]
  [     634.37      311.81]
  [     662.96      331.86]
  [     626.73      332.64]
  [     670.69       354.9]
  [     618.08      356.36]
  [     655.28      350.91]
  [     628.96       351.9]
  [      654.9      388.02]
  [      630.2      388.03]
  [     654.73      430.16]
  [     627.02      431.02]
  [      655.5      469.55]
  [     622.83       470.3]]

 [[     580.85      318.34]
  [          0           0]
  [        578      314.57]
  [          0           0]
  [     566.82      314.38]
  [     567.65      332.23]
  [     559.18      332.78]
  [          0           0]
  [     575.84      351.24]
  [          0           0]
  [     580.25      328.28]
  [     570.03      390.18]
  [     564.06      391.13]
  [     568.16      435.77]
  [     565.83      436.98]
  [      561.5      480.37]
  [     556.98      482.89]]]