[[[     768.83      194.88]
  [     779.59      186.19]
  [     757.53      184.96]
  [     792.08      200.09]
  [     740.09      197.73]
  [     816.15      261.27]
  [     710.16      263.07]
  [     849.94      329.01]
  [     689.84      338.67]
  [     812.89      342.47]
  [     744.79      343.98]
  [     813.55      427.11]
  [     744.23         429]
  [     821.78      547.03]
  [     748.74      544.34]
  [     823.38      659.18]
  [     758.83      658.01]]

 [[     569.14      211.21]
  [     580.51      201.13]
  [     559.25      194.47]
  [          0           0]
  [     525.98      184.97]
  [     569.43      263.82]
  [     489.42      253.27]
  [      572.6      354.83]
  [     484.35      356.05]
  [     591.03      421.54]
  [     513.49      446.01]
  [      576.8       446.6]
  [     522.67      446.11]
  [     563.93       597.3]
  [     520.04      595.28]
  [     543.42      705.24]
  [     507.57         720]]]