[[[     629.05      276.56]
  [      634.9      271.49]
  [     623.53      270.53]
  [     641.98      274.57]
  [     612.68      271.73]
  [     653.67      308.22]
  [     593.45      306.49]
  [     666.94      350.93]
  [     582.75      351.18]
  [     671.11       389.8]
  [     579.15      392.96]
  [     646.82      400.79]
  [     607.04      401.23]
  [     651.03      470.71]
  [     609.05       471.9]
  [     652.34      535.72]
  [     613.48      537.31]]

 [[     510.82      262.21]
  [     516.67      256.74]
  [     504.79      255.87]
  [     523.37      262.06]
  [     493.11      259.16]
  [     534.35       300.1]
  [     472.49      295.29]
  [     547.47      342.68]
  [     451.57      332.75]
  [     537.85      340.17]
  [     478.75      325.83]
  [     522.07      397.21]
  [     480.64      396.37]
  [      521.2       469.2]
  [     473.48      470.54]
  [     518.52       536.6]
  [     469.08      539.91]]]