[[[     639.34      313.08]
  [     642.44      309.77]
  [     636.78      310.09]
  [     649.71      310.32]
  [     633.24      311.29]
  [     662.07      329.02]
  [     626.27      330.51]
  [     672.99      352.62]
  [     617.43      353.85]
  [     655.87       346.9]
  [     631.59      348.74]
  [     654.78      387.07]
  [     630.59      387.43]
  [     655.45      430.05]
  [     629.55      430.85]
  [     653.74       470.1]
  [     625.61      472.45]]

 [[          0           0]
  [          0           0]
  [          0           0]
  [          0           0]
  [     572.05      313.74]
  [     551.65      332.38]
  [     567.66      334.04]
  [          0           0]
  [     570.91      364.69]
  [          0           0]
  [     583.73      388.54]
  [     555.62      389.74]
  [     566.57      391.03]
  [     562.81      436.52]
  [     564.55      437.69]
  [     559.15      480.42]
  [     557.79      484.31]]]