[[[     653.33      316.57]
  [     654.45      313.21]
  [     649.49      313.33]
  [          0           0]
  [     638.37      313.51]
  [     657.92      333.83]
  [     622.79      334.13]
  [     666.12      360.77]
  [     613.82      362.27]
  [     670.95      385.24]
  [     609.15      386.31]
  [        654      389.89]
  [     630.62      390.53]
  [      657.1      430.64]
  [     627.37      431.65]
  [     655.89      470.84]
  [     624.44      470.73]]

 [[     579.17      314.38]
  [          0           0]
  [      575.3      310.61]
  [          0           0]
  [     563.81      311.96]
  [      569.4      333.46]
  [     556.95      333.85]
  [          0           0]
  [      556.7      365.74]
  [          0           0]
  [     567.39      391.56]
  [     571.86      390.79]
  [     564.29      391.55]
  [     568.32       437.2]
  [     563.94      437.43]
  [      561.9      481.23]
  [     555.61      482.12]]]