[[[     788.42      257.11]
  [     796.93      250.08]
  [     781.98      249.94]
  [      812.3      253.14]
  [     773.65      253.23]
  [     833.23      296.85]
  [     759.31      297.67]
  [     851.67      353.16]
  [      747.6      353.72]
  [     852.77      411.55]
  [     733.66       406.2]
  [     817.09      420.68]
  [     768.54      419.87]
  [     825.02      515.97]
  [     779.76      508.74]
  [     831.74      602.24]
  [     792.74      589.34]]

 [[     587.24      248.67]
  [     592.73      241.56]
  [     578.74      241.02]
  [          0           0]
  [     560.48      242.99]
  [      592.4      289.72]
  [     544.45      287.19]
  [     596.44      350.24]
  [     534.24      345.54]
  [     613.89      399.25]
  [     553.28      404.43]
  [     592.85      410.22]
  [     560.77      412.39]
  [     589.55      494.35]
  [     554.79      505.43]
  [     574.27      574.49]
  [     536.12      593.17]]]