[[[     597.57      309.45]
  [     601.37      305.63]
  [     593.92      305.95]
  [      608.9      307.51]
  [     588.55      308.22]
  [     619.98      331.99]
  [     579.19       332.5]
  [     629.68      362.14]
  [     570.99      362.79]
  [     631.72      389.18]
  [     568.69      392.39]
  [     612.79      395.88]
  [      586.1      396.25]
  [     615.25      445.19]
  [     589.88      444.93]
  [      619.7      491.21]
  [     590.57      491.32]]

 [[     523.29       303.1]
  [     527.23      299.45]
  [      519.6      298.22]
  [     530.47       302.3]
  [     510.75      298.67]
  [     534.46      326.68]
  [     496.11      319.49]
  [      545.3      349.82]
  [     481.02      332.93]
  [     537.03       338.7]
  [     505.26      321.56]
  [     527.56       394.3]
  [     501.55      392.26]
  [     526.22      445.05]
  [     494.76      445.19]
  [     524.96      492.92]
  [     490.36      496.41]]]