[[[     601.95      286.21]
  [     609.58      279.38]
  [     596.73      278.58]
  [     622.88      277.16]
  [        589      275.59]
  [     639.35      311.69]
  [     575.77      309.96]
  [     654.28      354.89]
  [     561.55      350.78]
  [     649.17      375.92]
  [     544.52      375.56]
  [     622.25      419.44]
  [     580.51      417.87]
  [     621.98      494.08]
  [      576.2      492.36]
  [     620.21      562.67]
  [     583.14       563.9]]

 [[     472.64      278.69]
  [     478.59      272.37]
  [     466.79      269.32]
  [          0           0]
  [      445.1      264.75]
  [      461.1      313.36]
  [     424.49      307.75]
  [     468.98      372.12]
  [     424.14       369.3]
  [     480.55      415.69]
  [     438.45      422.93]
  [     467.07      426.82]
  [     444.23      427.71]
  [     452.02      513.61]
  [     441.48      520.07]
  [     444.69       595.6]
  [     426.43      606.71]]]