[[[      617.1      343.99]
  [      635.9       336.6]
  [     613.31      335.62]
  [     668.76      361.84]
  [          0           0]
  [     690.52      449.07]
  [     573.21      419.35]
  [      701.2      545.69]
  [     490.65      393.23]
  [     691.93      615.59]
  [      433.7      339.15]
  [     640.27      647.17]
  [     563.93       636.6]
  [      647.1      787.09]
  [     559.87      780.78]
  [     655.08      910.21]
  [     569.85      901.08]]

 [[     767.43      321.97]
  [     780.71      307.16]
  [     764.22      309.65]
  [     825.58      312.89]
  [          0           0]
  [     887.32      394.42]
  [     763.15      414.03]
  [     947.07      489.08]
  [      748.9      519.46]
  [     921.27      583.15]
  [     731.24      610.64]
  [     860.65      623.82]
  [     778.52      628.17]
  [     867.79      781.13]
  [     783.63      780.02]
  [     891.78      926.46]
  [     804.75      918.69]]

 [[     1037.8      231.26]
  [     1057.4      215.75]
  [     1033.3      216.37]
  [     1107.5      230.87]
  [          0           0]
  [     1162.2      328.62]
  [     1013.6      341.39]
  [     1191.6      455.35]
  [     978.22       462.2]
  [     1072.3      514.52]
  [     996.04      507.08]
  [     1131.6       596.7]
  [     1032.8      598.61]
  [     1146.7      794.13]
  [     1052.9      793.54]
  [     1167.6      977.93]
  [     1070.1      966.29]]]