[[[     740.26      442.03]
  [     750.34       434.9]
  [      733.8      433.62]
  [     768.28      441.81]
  [     723.72      438.54]
  [     791.93      495.14]
  [     700.26      493.21]
  [     812.98      552.23]
  [     681.25      555.06]
  [     798.83      589.35]
  [     678.15      617.13]
  [     771.33      629.81]
  [     708.06       628.3]
  [     777.46      727.42]
  [     699.54      728.37]
  [      777.8      822.96]
  [     689.55      827.02]]

 [[      875.8      456.18]
  [     884.47      448.97]
  [      872.9      449.09]
  [     909.36       454.4]
  [          0           0]
  [      944.3      503.33]
  [     861.56      505.07]
  [     957.88      559.99]
  [     845.78      561.54]
  [     914.47      593.32]
  [     872.94      599.91]
  [     931.08      634.93]
  [        874      634.84]
  [     934.83      735.81]
  [     870.81      736.06]
  [     945.53      833.93]
  [     874.97      836.65]]

 [[     638.24      429.68]
  [          0           0]
  [     631.46      420.26]
  [          0           0]
  [     604.81      427.19]
  [     601.79      491.05]
  [     575.56      493.79]
  [          0           0]
  [     567.27      576.84]
  [          0           0]
  [        607      646.34]
  [     600.76      659.43]
  [     583.33      663.67]
  [     588.47      775.54]
  [     574.71      785.91]
  [     586.66      881.14]
  [     552.98      900.42]]]