[[[     915.91      449.03]
  [     925.57      444.22]
  [     917.38      442.73]
  [     951.02      453.56]
  [          0           0]
  [     979.22      490.45]
  [     921.88      502.37]
  [     1041.4      518.33]
  [      916.8      564.57]
  [     1005.6      560.93]
  [      909.7       622.5]
  [     967.55      633.82]
  [        932      635.96]
  [     984.33      738.23]
  [     948.68      730.43]
  [     1010.3      840.75]
  [     961.92      821.02]]

 [[     762.86      450.69]
  [     772.31       444.1]
  [     756.64      442.95]
  [     788.33      451.51]
  [     746.11      448.01]
  [     803.45      500.53]
  [     725.84      496.22]
  [     821.84      557.71]
  [     708.68      551.48]
  [     810.24      598.62]
  [     736.36      600.55]
  [     792.26      625.73]
  [      739.5      624.77]
  [     791.32      717.27]
  [     731.12      720.04]
  [     796.58      807.09]
  [     719.19      815.09]]

 [[     691.15       444.8]
  [          0           0]
  [     684.47      434.46]
  [          0           0]
  [     658.22      434.16]
  [     616.53       488.8]
  [     659.43      491.51]
  [          0           0]
  [     670.97       574.5]
  [          0           0]
  [     700.74      638.54]
  [     632.24      651.63]
  [     663.74      655.99]
  [     632.68      765.63]
  [     666.28      770.79]
  [     632.92       870.8]
  [     649.57       881.3]]]