[[[          0           0]
  [          0           0]
  [          0           0]
  [          0           0]
  [          0           0]
  [     68.258      373.53]
  [          0           0]
  [      189.1      545.68]
  [          0           0]
  [     149.86      685.31]
  [          0           0]
  [     56.239      783.04]
  [          0           0]
  [          0           0]
  [          0           0]
  [          0           0]
  [          0           0]]

 [[          0           0]
  [          0           0]
  [          0           0]
  [     750.74      482.71]
  [     778.97      484.43]
  [     734.04      515.27]
  [     796.71      518.46]
  [          0           0]
  [     812.05      562.07]
  [          0           0]
  [          0           0]
  [          0           0]
  [          0           0]
  [          0           0]
  [          0           0]
  [          0           0]
  [          0           0]]]