[[[     1231.2      315.21]
  [     1245.9      301.65]
  [     1216.4      301.74]
  [     1267.8      314.69]
  [     1194.9      314.23]
  [     1302.3      414.62]
  [     1160.7      413.58]
  [     1333.8      525.02]
  [     1130.9      523.72]
  [     1349.3      627.36]
  [     1160.5       612.1]
  [     1275.5      655.33]
  [     1180.8      654.58]
  [     1272.8      827.11]
  [     1168.5      822.08]
  [     1261.9      983.84]
  [     1156.8         978]]

 [[     1448.9      325.32]
  [     1468.2      311.32]
  [     1447.6      310.36]
  [     1526.1      323.61]
  [          0           0]
  [     1605.2      408.08]
  [     1426.2       410.3]
  [     1641.9      525.41]
  [       1396      516.86]
  [     1524.9      590.89]
  [     1450.6       597.5]
  [     1574.6      672.93]
  [       1452      669.09]
  [     1607.9       864.4]
  [     1449.8      854.17]
  [     1611.8      1043.7]
  [     1469.9      1035.4]]

 [[     977.48      357.78]
  [     988.69      344.06]
  [     960.92      344.59]
  [          0           0]
  [      929.5      358.71]
  [     1023.2       450.1]
  [      895.1      447.86]
  [     1034.8      561.17]
  [     880.83      550.81]
  [     979.57      633.54]
  [     931.68      631.61]
  [     1000.8      669.79]
  [     911.45      668.87]
  [     1001.5      835.64]
  [     906.22      830.97]
  [     1005.8      979.25]
  [     901.59      975.58]]]