[[[     1096.1      498.39]
  [     1101.9      493.03]
  [     1094.6      493.43]
  [     1120.7      495.33]
  [          0           0]
  [       1151      530.31]
  [     1091.3      536.18]
  [     1175.6      568.96]
  [     1086.1      580.38]
  [     1164.3      609.06]
  [       1085      616.83]
  [     1144.2      629.16]
  [     1103.8      630.79]
  [     1154.6      701.74]
  [     1109.3      700.64]
  [       1167       768.4]
  [     1112.4      766.33]]

 [[     1005.2      494.37]
  [     1011.4      489.17]
  [     1000.5      489.16]
  [     1023.2      491.65]
  [     992.69      491.06]
  [       1039      526.57]
  [     976.31      525.93]
  [     1047.3      566.74]
  [     965.03      567.63]
  [     1032.3      597.68]
  [     984.34      601.26]
  [     1028.2      621.72]
  [     984.64      621.11]
  [     1032.5      692.53]
  [     981.05      690.89]
  [     1035.8      761.25]
  [     971.98      757.79]]

 [[     938.05       489.5]
  [          0           0]
  [     933.54      482.91]
  [          0           0]
  [     917.72      485.55]
  [     888.79      521.36]
  [     915.37      525.31]
  [          0           0]
  [     924.88      585.45]
  [          0           0]
  [     942.39      628.45]
  [     895.41      626.18]
  [     912.56      629.71]
  [     908.93      705.82]
  [     917.35      709.83]
  [     902.49      782.49]
  [     906.93      791.64]]]