[[[     1191.9      495.67]
  [     1198.6      488.46]
  [     1186.1      488.61]
  [     1211.6      486.57]
  [     1177.7      487.32]
  [     1234.4       517.3]
  [     1164.1      520.43]
  [     1266.4      560.01]
  [     1147.9      566.94]
  [     1246.2      598.85]
  [     1151.5      610.43]
  [       1223      627.42]
  [       1177      627.65]
  [     1226.3      708.78]
  [     1173.2      706.24]
  [       1231      790.47]
  [       1174      785.33]]

 [[     951.85      490.69]
  [     957.47      484.96]
  [     945.12      485.32]
  [     965.44       490.8]
  [     933.03      491.35]
  [     976.24       531.4]
  [     917.92      531.45]
  [     981.41      580.14]
  [     909.24      579.27]
  [     959.68      614.67]
  [     936.22      615.64]
  [     965.14      629.81]
  [     925.07      629.91]
  [     965.33      701.09]
  [      922.8      701.03]
  [     967.53      769.85]
  [     916.73      769.71]]

 [[     1070.7      482.56]
  [     1076.7      475.98]
  [     1065.1       475.9]
  [     1086.8      476.48]
  [     1055.9      476.17]
  [     1104.8      509.55]
  [     1040.8      510.22]
  [     1136.8      535.51]
  [     1016.5      540.26]
  [     1118.1      547.05]
  [     1040.8      567.95]
  [     1096.9      619.29]
  [     1054.8      619.28]
  [     1097.9      697.39]
  [     1046.9      695.32]
  [     1102.7      770.38]
  [     1038.2      767.92]]]