[[[     1100.3      409.05]
  [     1112.2      401.56]
  [          0           0]
  [     1148.8      411.89]
  [          0           0]
  [     1204.3      460.92]
  [     1102.8      477.81]
  [     1292.3      503.52]
  [     1068.2      547.95]
  [     1238.5      565.03]
  [       1085      520.25]
  [       1181      657.71]
  [     1118.3       660.8]
  [     1203.2      802.98]
  [     1145.7      790.42]
  [     1229.2      945.89]
  [     1169.3      911.42]]

 [[     915.97      413.56]
  [     926.99       405.7]
  [     907.65      404.73]
  [     943.35      416.97]
  [     894.17      413.84]
  [     962.54      480.24]
  [     865.51      477.96]
  [     980.37      552.48]
  [     841.28      549.75]
  [     997.45      617.47]
  [     839.43      621.09]
  [     950.68      640.47]
  [     885.72      641.39]
  [     951.52      756.79]
  [     875.83      762.87]
  [     943.37      868.19]
  [     870.79      879.43]]

 [[     809.52      402.53]
  [          0           0]
  [     806.21      390.16]
  [          0           0]
  [     782.96      390.09]
  [     715.26      455.02]
  [     763.72      461.81]
  [          0           0]
  [     776.97      570.11]
  [          0           0]
  [      816.7      665.86]
  [        730      684.94]
  [     765.18      691.18]
  [     729.47      847.89]
  [     753.04      854.17]
  [     733.49        1002]
  [     747.19      1011.8]]]