[[[     1006.1      500.58]
  [     1012.1      495.77]
  [     1004.4      495.92]
  [     1030.6      499.08]
  [          0           0]
  [     1056.4       531.4]
  [     998.01       535.9]
  [     1071.8      565.33]
  [     987.89      573.98]
  [     1046.3      588.13]
  [     1007.1      594.98]
  [     1047.1      622.11]
  [     1007.5      623.27]
  [     1051.2      691.23]
  [     1010.9      691.57]
  [     1058.7      756.53]
  [     1008.7      758.08]]

 [[     915.54       492.4]
  [     920.37      487.21]
  [      910.3      487.15]
  [      928.4      490.26]
  [     901.04      489.54]
  [     944.01      526.55]
  [     884.96      525.35]
  [     956.06       569.9]
  [      872.6      565.51]
  [     955.87       613.3]
  [     867.61      607.34]
  [     935.15      618.21]
  [     895.25      617.73]
  [     936.86      686.29]
  [     890.09      686.01]
  [     937.84      751.62]
  [     885.45      750.84]]

 [[     859.66      495.31]
  [          0           0]
  [     856.28      489.59]
  [          0           0]
  [     840.48      490.84]
  [     832.47      525.83]
  [     822.61      527.06]
  [          0           0]
  [     824.28      577.73]
  [          0           0]
  [     839.24      626.73]
  [     829.01      626.04]
  [     823.65      627.84]
  [     829.08      704.02]
  [     824.51      706.43]
  [     824.19      776.87]
  [     815.41      782.96]]]