[[[     1751.5      78.511]
  [     1774.7       53.07]
  [     1707.1      64.454]
  [          0           0]
  [     1654.4       121.5]
  [     1898.5      268.57]
  [     1576.9      274.31]
  [          0           0]
  [     1500.3      481.94]
  [          0           0]
  [     1702.4      466.19]
  [     1861.1      743.52]
  [     1637.2      750.89]
  [          0           0]
  [          0           0]
  [          0           0]
  [          0           0]]

 [[     1226.7      182.49]
  [     1245.4      164.51]
  [     1194.9      163.23]
  [     1261.1       203.5]
  [       1135      202.95]
  [     1306.8      356.66]
  [     1066.9      355.35]
  [     1339.3       543.7]
  [     1051.4      549.31]
  [     1209.3      690.56]
  [     1136.8       681.7]
  [       1268      766.36]
  [     1099.2      760.55]
  [     1269.4      1049.5]
  [     1079.4      1037.8]
  [          0           0]
  [          0           0]]]