[[[     880.44      512.18]
  [     885.08      507.67]
  [     875.35      507.78]
  [     892.57      511.73]
  [     866.56      511.45]
  [     903.72      544.34]
  [     853.34       543.9]
  [     916.31      581.26]
  [     842.16      582.28]
  [     918.09      612.47]
  [     850.51      620.47]
  [     896.43      627.14]
  [     862.59      627.36]
  [     900.56         688]
  [     858.88      689.07]
  [     904.15      746.67]
  [     855.57      748.17]]

 [[     978.59      512.66]
  [     984.14      508.04]
  [          0           0]
  [     1001.5      510.66]
  [          0           0]
  [     1016.9      544.41]
  [     987.32      544.26]
  [       1021      590.64]
  [     985.14      588.13]
  [     1010.2      631.15]
  [     974.41      626.33]
  [     1005.9      633.14]
  [     986.69      632.29]
  [     1008.5      701.09]
  [     991.62      698.05]
  [     1018.7      764.25]
  [     1002.4      759.09]]]