[[[     1333.3      308.67]
  [     1352.6      295.36]
  [     1315.5      292.38]
  [       1379      316.66]
  [     1286.4      310.72]
  [     1415.8      415.48]
  [     1252.4      413.28]
  [     1467.7      544.54]
  [     1217.2      537.37]
  [     1471.4      665.99]
  [       1203      643.93]
  [     1396.9      679.91]
  [     1287.4      679.99]
  [     1416.1      879.41]
  [     1282.7      875.16]
  [     1412.6      1056.1]
  [     1311.1      1052.8]]

 [[     989.42      303.67]
  [     1004.3      290.26]
  [     970.15      290.89]
  [     1032.3      312.31]
  [     949.45      313.33]
  [     1080.9      415.78]
  [     917.08      410.46]
  [     1141.6      510.84]
  [     875.19       489.2]
  [     1152.9      484.54]
  [     913.06       434.1]
  [     1047.3      661.93]
  [     937.13      661.96]
  [     1057.9      843.44]
  [      935.2      849.28]
  [     1049.2      1037.2]
  [      937.1      1037.9]]

 [[     682.29      318.57]
  [     694.67      302.61]
  [     660.71      306.44]
  [     708.55      323.41]
  [      626.3      330.25]
  [     737.11       434.4]
  [     602.07      419.74]
  [     781.76      559.48]
  [     598.26      421.57]
  [     785.91      665.85]
  [     646.61      311.74]
  [     728.85      698.36]
  [     634.06      699.63]
  [     730.35      882.18]
  [     609.73      905.65]
  [      722.4      1059.8]
  [     608.34      1059.9]]]