[[[     1293.8      191.24]
  [     1326.6      166.58]
  [     1268.4      171.87]
  [     1387.5      196.26]
  [     1247.3       206.4]
  [     1448.2      341.95]
  [     1239.8      355.72]
  [     1538.7      531.66]
  [     1237.4      553.22]
  [     1545.5      757.03]
  [     1197.1      694.39]
  [     1393.6      775.06]
  [     1251.4      774.16]
  [          0           0]
  [          0           0]
  [          0           0]
  [          0           0]]

 [[     850.61       291.2]
  [     870.27      271.71]
  [     833.25       274.2]
  [     910.43      285.33]
  [     818.37      291.02]
  [     966.06      400.46]
  [     790.79       404.6]
  [     1018.9      539.88]
  [     755.02      535.92]
  [     1045.3      670.95]
  [     786.44       636.5]
  [     937.15      701.36]
  [     816.32      703.69]
  [     953.25      913.77]
  [     790.65      921.06]
  [     943.64      1068.2]
  [     791.74      1060.9]]]