[[[      958.9      474.83]
  [     963.54       468.5]
  [     950.93       469.4]
  [     969.97      473.66]
  [     937.69      475.46]
  [     986.99      517.62]
  [     921.48       518.7]
  [     1001.9      566.76]
  [     909.02      571.42]
  [     1009.9      610.64]
  [     905.24      623.19]
  [     979.94      625.01]
  [     935.53      625.97]
  [     986.84      703.67]
  [      929.7      703.55]
  [     992.26      778.98]
  [     931.69      778.51]]

 [[     1089.2      481.03]
  [     1092.5      474.31]
  [          0           0]
  [     1109.6       474.2]
  [          0           0]
  [     1134.1      510.58]
  [     1114.7      514.05]
  [     1116.7      536.44]
  [       1098      580.48]
  [     1101.7      496.58]
  [          0           0]
  [     1127.4      634.66]
  [     1113.8      633.21]
  [     1130.9      729.57]
  [     1117.7      724.23]
  [     1150.1      813.83]
  [     1134.3      809.57]]]