[[[     934.53      430.38]
  [     943.05      422.38]
  [     923.99      421.82]
  [     952.62      432.82]
  [     904.83      430.27]
  [     972.75      495.68]
  [     873.43      488.01]
  [     995.91      567.54]
  [     844.66      557.39]
  [     998.81      586.11]
  [     868.42      594.14]
  [     951.05      651.44]
  [      886.3      648.67]
  [     941.15      769.72]
  [     875.52      766.39]
  [      931.9       876.2]
  [     871.48      872.65]]

 [[     1115.7      424.79]
  [     1128.6      412.46]
  [     1109.8         413]
  [     1162.4      413.23]
  [          0           0]
  [     1191.3         479]
  [     1125.3       481.8]
  [     1213.7      571.52]
  [       1127      571.08]
  [     1202.9      664.07]
  [     1095.2      636.52]
  [     1163.2      674.66]
  [     1120.2      671.57]
  [     1176.5      821.35]
  [     1139.8      806.17]
  [     1198.7      962.35]
  [     1165.3      934.31]]]