[[[       1221      343.71]
  [     1239.1       326.9]
  [     1205.1      329.59]
  [     1275.2      337.62]
  [     1190.4      344.41]
  [     1322.6      430.16]
  [     1167.3      440.58]
  [     1384.3      550.91]
  [     1145.9      565.35]
  [     1377.8      671.52]
  [     1124.6      664.36]
  [     1303.2      701.25]
  [     1201.9      706.41]
  [     1333.1      909.77]
  [     1229.5      913.29]
  [     1342.1      1070.5]
  [     1279.2        1064]]

 [[      861.4      330.58]
  [     867.54      316.37]
  [     845.28      313.63]
  [          0           0]
  [     796.78      315.11]
  [     848.22      421.95]
  [     750.82      413.12]
  [     852.26      550.72]
  [     729.55      550.57]
  [     898.53      625.14]
  [     780.23      670.56]
  [     856.15      692.59]
  [     791.14      695.85]
  [     851.72       880.6]
  [     779.93      892.13]
  [     830.85      1044.3]
  [     752.84      1063.6]]

 [[     1845.3      470.86]
  [     1855.5      463.48]
  [     1835.8      462.69]
  [     1867.5      472.28]
  [       1819      469.37]
  [     1863.2      520.08]
  [     1796.1      513.48]
  [     1859.9      581.29]
  [     1749.4      571.67]
  [          0           0]
  [     1757.4       628.6]
  [     1847.7      653.84]
  [     1804.9      653.54]
  [          0           0]
  [          0           0]
  [          0           0]
  [          0           0]]]