[[[     1251.8      82.664]
  [     1288.9      42.162]
  [     1212.9      54.031]
  [     1369.8      53.469]
  [     1180.5      83.518]
  [     1500.5      244.42]
  [     1142.1      286.27]
  [     1603.9      484.28]
  [     1109.6      534.36]
  [     1627.3      756.25]
  [     1063.8      739.13]
  [     1458.7      808.62]
  [     1214.9      823.57]
  [          0           0]
  [          0           0]
  [          0           0]
  [          0           0]]

 [[          0           0]
  [          0           0]
  [          0           0]
  [          0           0]
  [          0           0]
  [     407.57      130.79]
  [          0           0]
  [      410.3      455.06]
  [          0           0]
  [     481.53      679.77]
  [          0           0]
  [     383.78       887.6]
  [        117      895.67]
  [          0           0]
  [          0           0]
  [          0           0]
  [          0           0]]]