[[[        980      501.36]
  [     984.01      496.03]
  [     973.51      496.89]
  [      991.4       500.3]
  [     963.65      501.99]
  [     1008.2      534.51]
  [     953.01      535.35]
  [     1020.3      578.05]
  [     942.05      577.87]
  [     1001.6      569.68]
  [     977.08      566.25]
  [     1000.7      626.88]
  [      962.9      627.71]
  [     1005.8      696.09]
  [     960.74      697.02]
  [     1010.2      758.99]
  [     959.03      760.04]]

 [[     1091.8       493.4]
  [     1097.3      488.34]
  [          0           0]
  [     1113.8      493.72]
  [          0           0]
  [       1130      532.14]
  [     1106.1      531.12]
  [       1133      586.66]
  [     1101.6      583.31]
  [     1120.3      630.52]
  [     1091.2      626.82]
  [     1121.5      632.66]
  [     1106.2      631.15]
  [       1125      711.61]
  [     1114.6      707.57]
  [     1140.8      787.95]
  [     1129.1      779.08]]]