[[[     1290.1      453.08]
  [     1292.3      446.06]
  [     1284.3      444.85]
  [          0           0]
  [     1261.7      442.11]
  [     1284.8      488.48]
  [     1225.6      484.87]
  [     1296.3      544.88]
  [     1211.9      545.41]
  [     1322.6      583.88]
  [     1244.5      592.46]
  [     1282.5      610.32]
  [     1243.7      612.58]
  [     1280.2      695.29]
  [     1237.7       701.4]
  [     1275.4      781.02]
  [     1232.3      789.93]]

 [[     1484.1       469.7]
  [     1490.1      460.73]
  [          0           0]
  [     1518.3      452.25]
  [          0           0]
  [       1564      493.14]
  [     1494.1      493.46]
  [     1588.5      555.96]
  [     1487.3       549.5]
  [     1577.6      624.77]
  [     1472.8      593.98]
  [     1538.8      631.44]
  [       1493      627.59]
  [     1544.1      730.15]
  [       1492       719.1]
  [       1543      822.47]
  [     1500.9      808.15]]]