[[[     918.43      488.07]
  [     923.95       481.8]
  [     911.19      481.96]
  [     930.78      487.07]
  [     898.37      486.92]
  [      943.7      528.68]
  [     881.24      527.38]
  [     958.23      578.48]
  [     864.67      576.85]
  [     960.58      622.47]
  [     876.15      622.49]
  [     934.28      629.87]
  [     893.06      629.51]
  [     929.63      707.12]
  [     888.29      706.51]
  [      932.2      778.75]
  [     881.23      778.25]]

 [[     1052.5      474.91]
  [     1058.5         469]
  [     1045.5      468.96]
  [       1066      474.58]
  [     1032.4      473.97]
  [     1080.1      518.02]
  [     1009.8      516.95]
  [     1093.2      568.78]
  [     995.63      569.62]
  [     1094.5      614.55]
  [     994.62      621.08]
  [     1064.5      624.75]
  [     1018.5      624.56]
  [     1064.1      705.42]
  [     1019.6      705.68]
  [     1062.9      778.76]
  [     1020.8      779.31]]

 [[       1160      484.96]
  [     1166.7      479.33]
  [     1154.7      478.72]
  [       1177       483.5]
  [     1145.3      481.74]
  [     1194.5      523.01]
  [     1125.3      524.42]
  [     1214.8      568.46]
  [     1112.1      574.23]
  [     1219.7      615.68]
  [     1106.3      615.91]
  [     1185.8      631.21]
  [     1140.3      632.43]
  [     1192.1       712.2]
  [     1147.2      712.25]
  [     1197.6      787.01]
  [     1150.2      784.98]]]