[[[     955.08      474.05]
  [      956.4      467.24]
  [     946.49      466.88]
  [          0           0]
  [     921.34      470.23]
  [     957.71         516]
  [     900.68      509.94]
  [     1001.1      548.33]
  [     932.99       533.2]
  [     1040.9      544.89]
  [     987.12      533.14]
  [     957.54      642.91]
  [     918.01      643.65]
  [     958.62       727.8]
  [     910.51      734.77]
  [     944.26      815.98]
  [     907.19      828.72]]

 [[     1119.4       492.5]
  [     1126.3      484.75]
  [       1117      485.51]
  [     1149.7      482.77]
  [          0           0]
  [     1180.3      523.35]
  [     1125.8      528.12]
  [     1194.9      579.82]
  [     1127.5      585.87]
  [     1181.2      636.97]
  [     1113.6      632.83]
  [     1163.8      651.33]
  [     1126.9      650.69]
  [     1170.9      746.72]
  [     1135.4      741.36]
  [     1184.5      839.56]
  [     1149.6      830.26]]]