[[[     965.47      440.23]
  [     971.85      431.48]
  [     954.97      431.57]
  [          0           0]
  [     933.88      435.48]
  [     992.95      493.85]
  [     904.78       492.1]
  [       1012         561]
  [     876.19      560.09]
  [       1032       616.7]
  [     845.31      624.22]
  [     977.93      643.71]
  [     920.56      642.86]
  [     972.98      750.29]
  [     907.46      749.73]
  [     960.28      848.64]
  [     905.13      847.52]]

 [[          0           0]
  [          0           0]
  [          0           0]
  [     1140.9      429.96]
  [     1186.2      427.64]
  [     1136.7         475]
  [     1219.9         476]
  [     1111.1      551.76]
  [     1241.9      571.95]
  [       1104      619.55]
  [     1235.1      642.82]
  [     1161.3      646.02]
  [       1210      641.55]
  [     1177.9      785.54]
  [     1183.4       768.9]
  [     1214.5       920.6]
  [     1168.9      890.19]]]