[[[     1211.1      394.77]
  [     1226.1      383.24]
  [     1198.5       382.4]
  [     1249.4      393.87]
  [     1180.6      392.25]
  [       1279      473.28]
  [     1156.1         471]
  [     1318.8      570.75]
  [     1137.8      569.83]
  [     1311.2      664.14]
  [     1113.7      656.36]
  [     1253.9      684.59]
  [     1174.1       681.9]
  [     1271.9      845.97]
  [     1189.7      832.97]
  [     1284.2      998.96]
  [     1216.9      978.15]]

 [[     894.18      394.28]
  [      903.4      382.77]
  [     880.99      379.55]
  [          0           0]
  [     844.62      378.08]
  [     888.68         465]
  [     807.23      453.64]
  [     888.21      563.54]
  [     783.72      551.91]
  [     919.87      624.99]
  [     826.74      649.76]
  [     885.57       674.2]
  [     831.62      676.76]
  [      878.3      821.62]
  [      821.8      839.24]
  [     874.66      963.34]
  [     812.29      994.27]]

 [[     1714.1      510.89]
  [     1721.3      502.74]
  [     1707.5      504.67]
  [     1740.8      502.93]
  [          0           0]
  [     1767.6      538.89]
  [     1699.6      547.14]
  [     1793.1       585.5]
  [     1689.6      597.48]
  [     1786.5      618.34]
  [     1684.2      640.37]
  [     1759.5      652.22]
  [     1715.1      655.03]
  [     1766.5      732.61]
  [     1717.6      734.33]
  [          0           0]
  [          0           0]]]