[[[       1247      360.83]
  [       1257      345.04]
  [     1230.3      346.03]
  [     1262.3       351.4]
  [     1186.9      351.97]
  [     1286.9      438.35]
  [       1143      439.72]
  [     1339.2      544.65]
  [     1107.8      550.64]
  [     1341.4      650.63]
  [     1093.5      653.81]
  [       1278      679.64]
  [     1185.7      683.17]
  [     1302.8      864.16]
  [     1194.3      860.98]
  [     1305.4      1033.1]
  [     1238.9      1028.6]]

 [[     881.58      357.72]
  [     881.36      346.73]
  [     872.73      342.64]
  [          0           0]
  [     827.01      338.69]
  [      840.3      433.04]
  [     766.29      419.66]
  [     843.92      554.95]
  [     752.66       540.9]
  [      893.5      613.61]
  [     803.32      654.19]
  [     857.62      671.75]
  [     807.24      675.35]
  [     855.17      838.06]
  [     789.42      856.68]
  [     842.19      996.98]
  [     772.69      1033.1]]

 [[     1664.7      467.25]
  [     1674.2      459.82]
  [     1657.1      459.34]
  [     1691.5      464.97]
  [     1646.9      463.47]
  [     1716.6      508.17]
  [     1625.2      508.25]
  [     1746.4      561.39]
  [     1599.7      564.47]
  [     1754.1      613.48]
  [     1614.5      616.61]
  [     1709.3      631.33]
  [     1647.4      632.58]
  [     1722.8      714.49]
  [          0           0]
  [          0           0]
  [          0           0]]]