[[[     756.19      511.12]
  [     760.76      505.25]
  [     748.89       505.8]
  [     766.45      510.65]
  [     735.87      511.32]
  [     779.54      550.47]
  [     718.33      550.55]
  [     794.46      595.61]
  [     699.38      595.25]
  [     792.38      636.54]
  [     715.55      635.22]
  [     768.75       645.6]
  [      728.9      646.55]
  [     765.34      714.51]
  [     725.12      718.58]
  [     767.48      777.57]
  [     720.88      783.72]]

 [[     978.84      510.29]
  [     984.99      505.29]
  [     974.52      504.54]
  [     995.41      509.21]
  [      967.1      507.09]
  [       1010      545.64]
  [     950.38      543.42]
  [     1024.5      589.55]
  [     938.24      586.93]
  [       1030      629.56]
  [      932.3      627.97]
  [     997.52      639.06]
  [     958.58      638.18]
  [     1000.3      711.94]
  [     961.89      709.73]
  [     1003.4      779.35]
  [      965.8      776.14]]

 [[     866.71      504.87]
  [     872.82      499.29]
  [     861.75      499.12]
  [     884.35      501.91]
  [     853.73      500.78]
  [      901.6      537.65]
  [     836.97      535.96]
  [     913.62      582.45]
  [     823.07      575.76]
  [      913.9      616.42]
  [     847.85      589.84]
  [     891.29      634.11]
  [     848.57       633.9]
  [     889.86      708.31]
  [     844.89      706.92]
  [     885.75      778.27]
  [     847.56       775.3]]]