[[[      950.3      464.64]
  [     959.37      457.33]
  [     947.92      456.84]
  [     984.48      459.92]
  [          0           0]
  [       1017      512.11]
  [     938.33      508.45]
  [     1031.1      573.74]
  [     921.71      567.08]
  [     1041.6      626.53]
  [      903.3      623.99]
  [     992.89      644.78]
  [     940.79      640.72]
  [     989.48       740.9]
  [     928.81      732.62]
  [     977.94       819.2]
  [      937.6      811.47]]

 [[     1111.3      441.43]
  [     1120.1      433.21]
  [          0           0]
  [     1151.1      438.86]
  [          0           0]
  [     1184.6       498.2]
  [     1127.4      498.02]
  [     1204.3      573.49]
  [     1114.5       570.1]
  [     1195.5       645.4]
  [     1087.7      624.76]
  [     1163.2      653.38]
  [     1127.4      651.61]
  [     1176.1      769.98]
  [     1145.2      762.48]
  [     1199.8      879.19]
  [     1168.2      866.87]]]