[[[     904.16      365.72]
  [     915.18       352.8]
  [     889.27      353.97]
  [     928.34      359.52]
  [      864.3      363.26]
  [     955.52      439.67]
  [     834.01      444.51]
  [     982.89      527.99]
  [     791.87       536.3]
  [     968.61      587.27]
  [     733.61      614.02]
  [      938.3      653.42]
  [     856.86      656.25]
  [     967.19      800.31]
  [     858.53      801.42]
  [     978.05       938.3]
  [     870.38      944.42]]

 [[     1142.7      330.96]
  [     1152.7      312.36]
  [          0           0]
  [     1202.1      317.12]
  [          0           0]
  [     1257.4      407.59]
  [     1175.8      413.65]
  [     1200.7      509.03]
  [     1144.6      523.71]
  [     1091.9      525.74]
  [     1096.2      556.73]
  [     1243.6      680.84]
  [     1182.7      678.43]
  [     1272.2      878.38]
  [     1197.1      870.61]
  [     1294.3      1060.3]
  [     1245.5      1035.4]]]