[[[     1000.5       510.6]
  [     1003.5      505.36]
  [     993.82      505.88]
  [          0           0]
  [      980.6       510.3]
  [     1019.9      542.51]
  [     965.08       543.9]
  [     1033.3      582.61]
  [     953.23      585.82]
  [       1011      581.95]
  [     992.26      579.73]
  [     1013.2      631.67]
  [     975.75      632.84]
  [     1017.7      696.28]
  [     973.06      697.02]
  [       1019      757.06]
  [     969.66       757.1]]

 [[     1094.6      509.94]
  [     1099.2      504.66]
  [          0           0]
  [     1115.2      506.67]
  [          0           0]
  [     1134.2      541.44]
  [     1110.2      541.25]
  [     1139.2      590.32]
  [     1107.2      589.26]
  [     1124.3      633.71]
  [          0           0]
  [     1125.5      636.96]
  [     1110.3      635.99]
  [     1130.6      711.77]
  [     1120.3      709.03]
  [     1144.6      782.61]
  [     1133.1       776.7]]]