[[[     1239.5      171.72]
  [     1266.7      145.15]
  [     1210.7      144.91]
  [     1301.9      162.68]
  [     1167.5      162.47]
  [     1351.8      324.16]
  [     1108.1      324.15]
  [       1399      501.25]
  [     1048.4      509.91]
  [     1387.6      663.82]
  [     1034.4      691.45]
  [     1298.3      736.91]
  [     1132.2      733.42]
  [     1319.3      1030.8]
  [     1095.8      1024.3]
  [          0           0]
  [          0           0]]

 [[          0           0]
  [          0           0]
  [          0           0]
  [          0           0]
  [          0           0]
  [          0           0]
  [          0           0]
  [          0           0]
  [          0           0]
  [          0           0]
  [     1843.1      765.18]
  [          0           0]
  [          0           0]
  [          0           0]
  [          0           0]
  [          0           0]
  [          0           0]]]