[[[     893.15      378.43]
  [     903.64      367.11]
  [     879.86      367.49]
  [     917.03      374.84]
  [     857.96      374.42]
  [     942.49      450.08]
  [     822.72       451.4]
  [     971.39      534.06]
  [      800.7       543.7]
  [     1016.6      604.68]
  [     797.12      633.81]
  [     936.37      647.39]
  [     857.99      652.01]
  [     954.81      780.76]
  [     860.55      791.17]
  [     930.34      908.79]
  [     871.64       924.6]]

 [[     1119.3      360.64]
  [     1131.8      344.68]
  [          0           0]
  [     1179.2      340.94]
  [          0           0]
  [     1234.7      422.31]
  [     1157.7         425]
  [       1271       540.7]
  [     1164.6       548.7]
  [     1200.9      638.26]
  [     1127.1      642.25]
  [     1219.7      676.08]
  [     1169.8      670.96]
  [     1240.2       867.1]
  [     1188.8       844.5]
  [     1276.4      1039.8]
  [     1226.7        1001]]]