[[[       1035      455.07]
  [     1043.9       447.4]
  [     1028.4      447.12]
  [     1060.5      450.68]
  [     1018.7      449.82]
  [     1082.6      499.47]
  [      998.9      499.17]
  [     1098.1      556.88]
  [     984.24      556.89]
  [     1095.9      607.42]
  [     992.68      607.71]
  [     1066.6      627.74]
  [     1011.5      627.41]
  [     1065.5      718.42]
  [     1008.8      717.92]
  [     1056.6      805.01]
  [       1011       805.8]]

 [[     1150.9      461.78]
  [     1160.8      456.02]
  [     1150.1      454.65]
  [     1187.3      462.37]
  [          0           0]
  [     1221.5      506.75]
  [     1139.2       506.8]
  [     1248.4      565.03]
  [     1126.1      566.13]
  [       1253      622.96]
  [     1118.2      612.27]
  [     1210.5      634.86]
  [       1156      634.12]
  [     1219.8      731.55]
  [     1156.9      727.34]
  [     1229.2      821.99]
  [     1167.9      817.12]]

 [[        901      463.25]
  [     901.54       456.1]
  [      892.7      456.16]
  [          0           0]
  [     868.28      462.33]
  [     902.91      511.02]
  [     838.39      511.82]
  [     916.24       572.8]
  [     822.35      576.47]
  [      919.5      624.27]
  [     848.27      629.65]
  [     898.49      641.02]
  [     854.24       643.4]
  [      904.6      732.73]
  [     846.18      736.68]
  [        902      817.75]
  [     836.58      823.75]]]