[[[     870.51      316.21]
  [     887.78       302.5]
  [     852.96      300.82]
  [     909.86      323.32]
  [     825.97      319.39]
  [     935.16       426.6]
  [     784.53      419.96]
  [     971.01      552.12]
  [     746.19      538.65]
  [     987.84      656.39]
  [     767.71      642.52]
  [     915.78      684.89]
  [     813.48      684.99]
  [      936.3      866.87]
  [     795.01      873.58]
  [     939.22      1044.7]
  [      805.7      1051.1]]

 [[     1217.7       238.3]
  [     1248.4      221.45]
  [     1210.6      220.11]
  [     1313.3      250.48]
  [          0           0]
  [     1347.4      368.56]
  [     1205.8      366.49]
  [     1393.6      549.42]
  [     1194.2      540.01]
  [     1335.6      727.65]
  [     1145.8      661.08]
  [     1305.2      737.41]
  [     1202.2      730.97]
  [     1325.7      1016.3]
  [     1229.1      995.08]
  [          0           0]
  [          0           0]]]