[[[     520.17      151.51]
  [     544.66       133.3]
  [     484.78      130.05]
  [     568.07      182.78]
  [      422.8      177.78]
  [     623.55      351.83]
  [     335.49      335.83]
  [     681.61      548.96]
  [     229.97      517.19]
  [     671.11      703.96]
  [     221.05      687.65]
  [      572.9       775.5]
  [     382.62      768.75]
  [          0           0]
  [          0           0]
  [          0           0]
  [          0           0]]

 [[     1423.4      177.63]
  [     1459.8      153.14]
  [     1407.2      154.01]
  [     1540.7       178.3]
  [          0           0]
  [     1634.4      327.93]
  [     1352.8       335.5]
  [     1710.3      527.25]
  [     1297.1      526.94]
  [     1717.3      730.44]
  [     1266.8      678.03]
  [     1584.7      752.22]
  [     1393.8      752.97]
  [       1605      1038.8]
  [          0           0]
  [          0           0]
  [          0           0]]

 [[     994.24      143.65]
  [     1018.4      124.98]
  [      964.9      127.12]
  [     1052.5       162.1]
  [     924.39      167.42]
  [     1115.2      313.23]
  [     863.58      314.44]
  [     1176.5      480.87]
  [     798.43      488.18]
  [     1158.6      609.02]
  [      866.6       630.7]
  [     1077.2      722.19]
  [     904.26      722.34]
  [     1083.1       999.3]
  [     878.25        1005]
  [          0           0]
  [          0           0]]]