[[[      990.3      507.18]
  [     994.87       502.4]
  [     984.86      501.84]
  [     999.67      505.97]
  [     973.12       503.8]
  [     1009.5      538.82]
  [      954.7      536.05]
  [     1021.9      582.23]
  [     940.86      580.15]
  [     1002.3      576.37]
  [     979.59       576.2]
  [     1001.4      629.33]
  [     964.46      629.26]
  [     1004.7      695.88]
  [     962.98      696.32]
  [       1008      754.89]
  [     962.12      755.64]]

 [[       1082      505.35]
  [     1087.4      500.41]
  [          0           0]
  [       1104      504.24]
  [          0           0]
  [     1121.3       540.2]
  [       1096      538.79]
  [     1125.5      591.44]
  [     1089.1      587.32]
  [     1109.7      633.56]
  [     1076.4      629.08]
  [     1111.8      636.59]
  [     1095.5      634.81]
  [     1119.5      710.41]
  [     1104.5      705.67]
  [     1133.8      779.62]
  [       1123      769.94]]]