[[[     909.68      351.81]
  [     920.09       340.1]
  [     895.74      340.83]
  [     933.02      347.82]
  [     873.36      348.88]
  [     954.75      423.13]
  [     843.51      425.06]
  [     981.58      507.85]
  [     815.33      520.32]
  [     1024.5      573.59]
  [      813.6      607.05]
  [     947.88      619.32]
  [     875.01      622.76]
  [     964.22      755.21]
  [     880.54      762.92]
  [     944.75       881.4]
  [     884.18      895.03]]

 [[     1142.4      326.52]
  [     1153.2      310.23]
  [          0           0]
  [     1196.7      308.73]
  [          0           0]
  [     1257.8      398.03]
  [       1174      404.28]
  [       1295      509.56]
  [     1175.5       524.6]
  [     1228.6      606.71]
  [     1141.1      619.14]
  [     1238.9      656.07]
  [     1184.5      651.24]
  [     1262.1      848.98]
  [     1202.9      819.35]
  [     1295.9      1024.1]
  [     1242.5      974.99]]]