[[[     1233.4       211.1]
  [     1262.6      197.26]
  [       1231      194.48]
  [     1327.5      230.89]
  [          0           0]
  [     1368.4      353.71]
  [     1223.6      342.16]
  [     1441.5      526.53]
  [     1221.2       517.9]
  [     1451.1      697.22]
  [     1193.8      650.28]
  [     1321.5      702.43]
  [     1222.2      695.28]
  [     1352.2       975.2]
  [     1251.9      948.47]
  [          0           0]
  [          0           0]]

 [[     892.83      288.51]
  [     908.45      276.22]
  [      875.1       273.9]
  [     927.08      297.65]
  [     845.42      292.99]
  [     952.89      400.37]
  [     803.61      396.84]
  [     987.78      514.08]
  [     771.45      516.61]
  [     972.84      615.86]
  [     761.32       627.1]
  [      929.5      648.68]
  [     829.17      648.81]
  [     956.27      826.86]
  [     814.12      834.18]
  [     959.26      1004.2]
  [     821.09      1017.4]]]