[[[     1281.3      352.51]
  [     1293.1      338.81]
  [     1263.8      338.62]
  [       1305      347.09]
  [     1226.9      346.32]
  [       1331      430.71]
  [     1190.3      430.12]
  [     1382.9      529.72]
  [       1159       536.2]
  [     1389.6      640.55]
  [     1145.9      628.98]
  [     1314.4      663.17]
  [     1224.5      663.73]
  [     1343.3      840.93]
  [     1234.6      828.72]
  [       1346      1008.6]
  [     1274.2      990.74]]

 [[     926.09      354.07]
  [     926.71      342.57]
  [     916.21      339.11]
  [          0           0]
  [     871.94      335.64]
  [     896.05      427.49]
  [     813.99       416.2]
  [     898.13      540.69]
  [     804.36      529.39]
  [     942.46      600.34]
  [     851.08      637.86]
  [      910.1      654.09]
  [     854.18      657.99]
  [      914.9      818.14]
  [     843.04       835.4]
  [     887.66      978.52]
  [     827.78        1012]]

 [[     1710.6      461.75]
  [     1718.9      453.33]
  [     1703.1         454]
  [     1736.5       455.5]
  [          0           0]
  [     1763.9       498.3]
  [     1678.2      502.65]
  [     1786.5      555.83]
  [     1662.8      563.67]
  [     1783.3      599.23]
  [     1657.6      615.17]
  [     1751.7      622.44]
  [     1693.4      624.09]
  [          0           0]
  [          0           0]
  [          0           0]
  [          0           0]]]