[[[     1009.2      481.44]
  [     1013.6      475.68]
  [       1003      476.34]
  [     1021.8      479.26]
  [     993.05       480.7]
  [     1040.4      514.33]
  [     979.88      514.59]
  [     1057.2      556.83]
  [     966.16      551.25]
  [     1032.4       561.9]
  [     995.85      545.77]
  [     1029.7      610.04]
  [     988.08      609.51]
  [     1028.4      682.75]
  [     980.61      681.32]
  [     1023.6      748.01]
  [     968.06      746.14]]

 [[     1128.9      479.15]
  [     1135.5      472.94]
  [     1122.8      473.74]
  [     1148.7      476.06]
  [          0           0]
  [     1160.5      514.78]
  [     1115.2      516.01]
  [     1168.5      567.21]
  [     1108.6      565.88]
  [     1160.1      613.64]
  [     1096.7      605.81]
  [     1145.6      618.58]
  [     1116.9       618.3]
  [     1147.6      700.03]
  [     1129.6      695.81]
  [     1162.9      775.76]
  [     1144.5      767.74]]]