[[[     1156.5      434.27]
  [     1165.6      428.39]
  [     1155.5      427.61]
  [       1193      434.36]
  [          0           0]
  [     1227.6      481.26]
  [     1148.9      481.21]
  [     1253.3      537.88]
  [     1132.6       537.3]
  [     1257.8      596.82]
  [     1123.7      589.47]
  [     1212.9      610.99]
  [     1160.6      610.48]
  [     1224.6      707.18]
  [     1166.6      704.35]
  [     1237.7      795.39]
  [     1171.5      793.53]]

 [[     1040.6      428.15]
  [     1049.1      421.23]
  [       1035      420.74]
  [     1065.7      425.46]
  [       1027       424.1]
  [     1089.3      472.74]
  [     1006.8      471.66]
  [     1103.8      531.56]
  [     990.94      529.27]
  [     1100.7      577.91]
  [     999.37      578.75]
  [       1074       600.9]
  [     1019.2      600.31]
  [     1068.8      695.28]
  [     1016.3      694.43]
  [     1063.5      780.96]
  [     1014.1      782.05]]

 [[     907.91      436.81]
  [      908.1      429.62]
  [     899.44      430.23]
  [          0           0]
  [     874.17      436.96]
  [     907.32      485.22]
  [     845.32      487.56]
  [     918.16      546.47]
  [     830.35       551.5]
  [     924.37      601.95]
  [     855.17      601.67]
  [     903.74      612.73]
  [     861.97      616.02]
  [     906.08      702.83]
  [     853.99      709.35]
  [     907.34      789.22]
  [     844.69      797.58]]]