[[[       1261      368.59]
  [     1276.8      358.02]
  [       1251      356.79]
  [     1305.5      368.92]
  [          0           0]
  [     1342.1      440.52]
  [     1217.9      440.41]
  [       1392      529.87]
  [       1201      532.05]
  [     1424.6      626.92]
  [     1184.7      610.82]
  [       1323      640.83]
  [     1241.1      639.27]
  [     1334.1       795.5]
  [     1243.2      785.68]
  [     1346.7      937.96]
  [     1263.9       918.6]]

 [[     1031.1      354.26]
  [     1042.1      344.24]
  [     1016.3      346.06]
  [       1058      362.11]
  [     994.41       365.5]
  [       1088      437.82]
  [     965.26      440.47]
  [     1113.3      516.49]
  [     932.95      523.21]
  [     1117.3      517.47]
  [     982.34      517.93]
  [     1072.2      631.22]
  [     990.62      633.49]
  [     1067.1      776.43]
  [     981.92      775.55]
  [     1057.1      913.26]
  [     981.55      906.66]]

 [[     811.35      375.94]
  [     818.32      365.09]
  [     797.01       365.6]
  [          0           0]
  [     766.86       377.2]
  [     833.02      459.77]
  [     731.66      455.76]
  [     849.49      557.35]
  [     702.99      545.52]
  [     861.68      637.13]
  [     733.93      629.93]
  [     820.64      653.86]
  [     753.37      656.25]
  [     814.05      794.68]
  [     745.15      805.96]
  [     820.75      926.21]
  [     733.23      943.34]]]