[[[     1283.8      276.66]
  [     1304.8      255.55]
  [       1266      260.38]
  [     1352.4      263.18]
  [     1252.6      274.79]
  [       1413      371.94]
  [     1231.9      389.69]
  [     1484.1      511.54]
  [       1205      533.99]
  [     1481.5      656.09]
  [     1178.9      641.59]
  [     1385.1      691.33]
  [     1267.3      698.62]
  [     1416.6      927.27]
  [     1290.3       935.7]
  [       1428      1056.2]
  [          0           0]]

 [[     880.36       256.6]
  [      889.5      237.62]
  [     867.14       233.9]
  [          0           0]
  [     803.35      230.12]
  [        863      361.09]
  [     735.68      347.05]
  [      881.1      511.91]
  [     700.26      501.72]
  [     918.57      610.53]
  [     734.13      661.24]
  [     873.19      670.98]
  [     788.44      672.58]
  [      860.3      895.54]
  [      757.3      908.46]
  [     823.64      1061.2]
  [     724.04      1077.6]]]