[[[     971.53      446.37]
  [     976.89      440.18]
  [      963.7      440.58]
  [     983.52      445.64]
  [     949.72       445.9]
  [     997.68      489.73]
  [     930.95      488.73]
  [     1013.1      542.65]
  [     918.75      541.99]
  [       1023      589.29]
  [     919.01      592.92]
  [     991.58       601.4]
  [     946.36      601.95]
  [     996.19      683.34]
  [        944      684.18]
  [     998.17      758.57]
  [     937.64         760]]

 [[     1099.7      449.47]
  [     1103.4      442.39]
  [          0           0]
  [     1122.7      441.13]
  [          0           0]
  [     1149.9      479.37]
  [     1121.3      483.35]
  [     1134.6      509.31]
  [     1105.4      551.02]
  [     1114.5      475.81]
  [     1098.4      597.62]
  [     1142.2      609.64]
  [     1122.5       608.5]
  [     1146.1      705.61]
  [     1129.9      699.43]
  [     1167.8      792.65]
  [     1147.7      788.15]]]