[[[       1126      427.28]
  [     1134.6         419]
  [     1124.2      419.71]
  [     1165.1      422.47]
  [          0           0]
  [     1202.1      477.57]
  [     1134.9      480.19]
  [       1227      543.63]
  [     1127.2      548.65]
  [     1215.5      608.79]
  [     1108.9      605.31]
  [     1186.9      627.92]
  [     1143.5      627.26]
  [     1198.9      738.28]
  [     1157.9      731.88]
  [     1219.7      842.46]
  [     1174.6      832.94]]

 [[     945.52       411.3]
  [     952.36       402.9]
  [     935.07      403.25]
  [          0           0]
  [     914.49       410.8]
  [     961.43      468.19]
  [     895.53      470.38]
  [          0           0]
  [     877.29      544.33]
  [          0           0]
  [      886.4      609.16]
  [     959.65       616.6]
  [     914.83      618.73]
  [      950.6      722.11]
  [     904.33      726.91]
  [     936.08      818.75]
  [     889.25      828.63]]]