[[[     1430.9       204.2]
  [     1460.3      185.39]
  [     1408.5      183.98]
  [     1505.9      215.94]
  [     1378.9      211.79]
  [     1564.3      352.18]
  [     1325.1      348.74]
  [       1631      514.83]
  [     1284.1      512.01]
  [     1640.5      680.19]
  [     1255.4      637.96]
  [     1525.8      701.04]
  [     1365.3      697.84]
  [     1550.9      966.96]
  [     1358.7      951.33]
  [          0           0]
  [          0           0]]

 [[     1008.4      190.05]
  [     1030.6       172.8]
  [     984.82      173.93]
  [     1063.9      202.01]
  [     953.98      204.79]
  [     1119.1      330.59]
  [     909.42      333.98]
  [     1170.5      471.58]
  [     859.21       484.2]
  [     1172.5      561.61]
  [     922.17      580.58]
  [     1091.3      675.13]
  [     950.53      677.44]
  [     1088.8      921.35]
  [     924.54      925.61]
  [     1056.1      1067.1]
  [          0           0]]

 [[     600.45      203.66]
  [     613.75      183.23]
  [     570.41      187.78]
  [     627.46      212.13]
  [     518.75      220.44]
  [     670.03      360.32]
  [      488.3      336.73]
  [     725.77      529.04]
  [     511.17      344.77]
  [     744.11       670.3]
  [     635.85      212.25]
  [     660.11       711.7]
  [     529.34      711.67]
  [     655.75      961.63]
  [     499.82      986.58]
  [          0           0]
  [          0           0]]]