[[[     1187.9      422.08]
  [     1199.3      415.27]
  [     1187.7      413.76]
  [     1231.7      423.91]
  [          0           0]
  [     1272.6       481.1]
  [     1179.8      478.29]
  [     1303.3      558.03]
  [     1172.8      550.52]
  [     1291.1      633.09]
  [     1153.8       610.1]
  [     1256.9      644.32]
  [     1194.1      640.25]
  [       1264      766.21]
  [     1191.1      755.56]
  [     1269.3      883.26]
  [     1190.9       868.1]]

 [[     1002.5      410.25]
  [     1010.8      402.41]
  [     992.78      404.56]
  [     1025.9      413.37]
  [     981.57      418.46]
  [     1052.3      465.48]
  [     967.36      469.03]
  [     1092.5      483.77]
  [     948.95      480.74]
  [     1095.1      437.15]
  [     959.83      424.71]
  [     1033.1      623.69]
  [     976.08      625.08]
  [     1039.8      743.83]
  [     970.73      747.74]
  [     1039.3      857.99]
  [     969.65      862.15]]

 [[     840.75      428.31]
  [     841.42      419.65]
  [     831.58      419.21]
  [          0           0]
  [     801.03       424.4]
  [     829.21       489.7]
  [      762.1      487.29]
  [     838.61      569.67]
  [     738.49      567.52]
  [      856.7      632.09]
  [     771.31      637.76]
  [     821.56      648.92]
  [     778.09      651.84]
  [     816.92       761.9]
  [     776.61      770.71]
  [     817.38       868.3]
  [     767.43      883.18]]]