[[[     958.44      489.62]
  [     962.47      484.61]
  [     952.83      485.04]
  [     968.72      487.59]
  [     943.32      488.21]
  [     981.32      519.81]
  [     929.54      519.03]
  [     994.14      557.45]
  [     917.33      555.98]
  [     1002.7       589.4]
  [     914.83      592.22]
  [      972.2      601.33]
  [     937.64       601.4]
  [     978.74      662.91]
  [     935.33      662.95]
  [     979.29      720.15]
  [     934.07      721.12]]

 [[     1071.1      487.07]
  [     1077.7      482.16]
  [     1068.7      482.15]
  [       1094      486.25]
  [          0           0]
  [     1108.8      521.69]
  [     1067.7      522.52]
  [     1115.1      566.91]
  [     1062.5      568.15]
  [     1103.8      603.83]
  [     1054.5      603.98]
  [     1094.1      610.73]
  [     1067.5      609.63]
  [     1094.1       679.7]
  [       1072      674.95]
  [     1101.1      744.88]
  [     1082.4      736.88]]]