[[[     1435.3       159.1]
  [     1467.3      125.48]
  [     1403.4      132.66]
  [     1536.5      131.11]
  [     1376.4      149.76]
  [     1646.9      289.18]
  [     1334.9      317.91]
  [     1752.1      493.58]
  [     1296.2      526.62]
  [     1766.5      719.92]
  [     1261.4      691.36]
  [     1606.9      759.78]
  [     1398.6      770.67]
  [          0           0]
  [          0           0]
  [          0           0]
  [          0           0]]

 [[     777.96       71.77]
  [     805.44      54.645]
  [     748.22      39.286]
  [     816.62        93.5]
  [     677.59      59.252]
  [     816.32      261.31]
  [     593.48      234.19]
  [     827.71      478.93]
  [     525.22      468.31]
  [     878.63      627.61]
  [     569.21      723.43]
  [     819.17      747.59]
  [     655.79      744.91]
  [          0           0]
  [          0           0]
  [          0           0]
  [          0           0]]]