[[[          0           0]
  [          0           0]
  [          0           0]
  [          0           0]
  [          0           0]
  [          0           0]
  [       1726      198.69]
  [          0           0]
  [     1707.2      506.12]
  [          0           0]
  [     1643.2      703.73]
  [          0           0]
  [     1711.7      846.69]
  [          0           0]
  [          0           0]
  [          0           0]
  [          0           0]]

 [[     1085.5       169.5]
  [     1108.5      147.08]
  [     1058.9      146.78]
  [     1136.8      168.39]
  [     1017.4       167.3]
  [       1177      316.53]
  [     959.88      309.63]
  [     1217.4      489.15]
  [     901.24      482.82]
  [       1245      633.56]
  [     882.95      652.76]
  [     1142.3       686.4]
  [     992.14      684.04]
  [     1170.3      956.54]
  [     961.69      957.64]
  [          0           0]
  [          0           0]]]