[[[     1199.8      157.05]
  [     1224.2      132.86]
  [     1172.3      132.26]
  [     1253.7      151.19]
  [     1128.6       149.5]
  [     1298.5      306.96]
  [     1065.6      302.23]
  [     1342.5      477.58]
  [       1005      480.05]
  [     1344.7      636.51]
  [     977.72       657.9]
  [       1256      698.53]
  [     1095.7      694.69]
  [     1284.5      987.66]
  [     1058.9      984.22]
  [          0           0]
  [          0           0]]

 [[          0           0]
  [          0           0]
  [          0           0]
  [          0           0]
  [          0           0]
  [          0           0]
  [          0           0]
  [          0           0]
  [     1883.4      472.45]
  [          0           0]
  [     1788.4      720.31]
  [          0           0]
  [          0           0]
  [          0           0]
  [          0           0]
  [          0           0]
  [          0           0]]]