[[[       1028      341.84]
  [     1039.5      330.95]
  [     1013.5      332.08]
  [     1056.3      347.26]
  [     992.81       349.3]
  [     1087.6      422.97]
  [     965.72      422.14]
  [     1140.8      471.09]
  [     922.26      469.16]
  [     1158.6      406.22]
  [     936.18       390.1]
  [       1060      628.88]
  [     979.79      627.75]
  [     1059.1      785.87]
  [     970.17      782.67]
  [     1049.5      936.02]
  [     953.63      929.44]]

 [[     1288.5      346.58]
  [     1303.8      334.75]
  [     1275.6      332.94]
  [     1324.5      345.38]
  [     1253.8      340.95]
  [     1353.5      430.74]
  [       1220      427.19]
  [     1386.5      533.59]
  [     1195.8      531.84]
  [     1378.5      633.79]
  [     1176.3      620.37]
  [     1325.6         651]
  [     1237.7      648.53]
  [     1342.1      814.41]
  [       1247      801.47]
  [     1351.2      972.55]
  [     1266.1      951.34]]

 [[        762      352.77]
  [     768.07      338.81]
  [     744.19      340.88]
  [          0           0]
  [      707.4      352.64]
  [     792.02      439.61]
  [      670.5      441.86]
  [     821.39      546.05]
  [     644.27      544.52]
  [      828.8      639.38]
  [     683.29      640.22]
  [     786.68       655.6]
  [     706.17      661.06]
  [     784.71      809.73]
  [     703.27      823.25]
  [     786.26      951.32]
  [      693.8       973.7]]]