[[[     910.94      344.41]
  [      922.2       331.5]
  [     895.99      332.86]
  [     937.52      336.52]
  [     873.22      340.59]
  [     963.37      412.91]
  [     849.84      418.43]
  [     992.16      502.89]
  [     811.22      512.36]
  [      997.2      573.66]
  [     759.73      593.39]
  [     949.92      623.49]
  [     873.54      627.24]
  [     974.91      771.24]
  [     873.29      775.01]
  [     995.53      902.24]
  [     884.07      912.03]]

 [[     1162.2      306.34]
  [     1172.2      289.17]
  [          0           0]
  [     1220.9      294.16]
  [          0           0]
  [     1280.7      383.23]
  [     1194.1      382.85]
  [     1232.6      492.88]
  [     1167.4      499.79]
  [     1124.5      495.31]
  [     1119.9      563.72]
  [     1267.1      652.13]
  [     1204.6      646.37]
  [     1293.4      854.63]
  [     1215.7       840.9]
  [     1314.6      1037.1]
  [     1268.4      1010.2]]]