[[[     704.59      229.23]
  [     714.29      220.15]
  [     702.62      220.33]
  [     744.69      225.13]
  [          0           0]
  [     782.33      284.96]
  [     704.65         286]
  [     804.04       351.6]
  [     687.83       356.6]
  [     751.39      399.29]
  [     672.85      414.89]
  [      757.1      440.01]
  [     706.71      436.69]
  [     770.73      553.64]
  [     717.52      539.96]
  [     789.88      660.27]
  [     742.82      641.88]]

 [[     520.62       212.8]
  [     524.63      204.52]
  [      510.6      202.87]
  [          0           0]
  [     481.97      207.58]
  [     519.65      272.58]
  [     449.39      269.22]
  [      522.3       352.1]
  [     423.56      346.02]
  [     537.79      411.28]
  [     466.31      410.24]
  [     515.38       429.7]
  [     467.29      432.34]
  [     513.73      541.13]
  [     459.36      550.84]
  [     500.98      641.98]
  [     439.87      660.64]]]