[[[     956.23      77.617]
  [     983.39      61.724]
  [     938.79      56.836]
  [     1021.5      82.803]
  [     913.21      72.507]
  [     1063.8      195.07]
  [     855.99      193.28]
  [     1096.1      336.01]
  [     806.16      333.91]
  [     1073.4      476.51]
  [      773.9      450.75]
  [     991.36      502.15]
  [     853.28      497.13]
  [     978.02      708.06]
  [          0           0]
  [          0           0]
  [          0           0]]

 [[     567.78      78.238]
  [     588.74      61.784]
  [     549.63      60.313]
  [     617.72      78.922]
  [     523.59      75.199]
  [     645.78      192.07]
  [     479.98      182.95]
  [     662.77      326.26]
  [     433.94       310.3]
  [     640.87      453.27]
  [     381.71      431.35]
  [     577.07      479.88]
  [     461.35      468.17]
  [     566.72      688.66]
  [     404.29      677.08]
  [          0           0]
  [          0           0]]]