[[[     715.86      276.66]
  [     724.31      270.29]
  [     712.58      269.42]
  [     742.81      273.75]
  [          0           0]
  [     763.91      311.43]
  [     704.05      316.37]
  [     775.68      345.91]
  [      686.1      361.68]
  [     737.39      346.67]
  [     662.24      363.05]
  [     744.44       427.1]
  [     705.05      426.49]
  [     753.21      512.92]
  [     712.99      505.48]
  [     763.76      594.15]
  [     728.22      583.29]]

 [[      558.9      277.43]
  [     560.35         271]
  [     553.33      270.18]
  [          0           0]
  [     530.15      266.91]
  [     551.29      305.81]
  [     496.78      306.45]
  [      557.8      356.98]
  [     484.04       363.3]
  [     570.88      401.95]
  [     499.46      417.23]
  [      550.9      422.06]
  [     514.42      426.02]
  [     554.73      500.35]
  [     509.22      510.12]
  [     549.14      576.32]
  [     508.24      590.64]]]