[[[     555.05      297.36]
  [     558.89      293.71]
  [     551.41         294]
  [     566.21       296.3]
  [     546.08      296.85]
  [     577.57      321.45]
  [     536.23      322.67]
  [     586.26      351.04]
  [     528.22      353.45]
  [     591.83      378.72]
  [     522.13      381.19]
  [     568.93      388.69]
  [     541.65      389.04]
  [     569.17      437.17]
  [     540.16      437.78]
  [     567.69      483.18]
  [     540.46      483.62]]

 [[     468.31      304.61]
  [          0           0]
  [     465.07      300.17]
  [          0           0]
  [     451.91      300.26]
  [     457.31      326.64]
  [     434.85      323.97]
  [     460.94      362.58]
  [     423.46      356.79]
  [     468.16      391.91]
  [     426.41      388.81]
  [     457.63      394.22]
  [     444.46      393.96]
  [     447.03      447.46]
  [     442.81      447.95]
  [     444.15      496.88]
  [     438.82      498.83]]]