[[[     723.18      158.14]
  [     738.64      145.56]
  [     709.27      143.52]
  [     758.44      156.99]
  [     687.79      152.11]
  [     781.09      244.59]
  [     649.95      237.42]
  [     804.38      347.02]
  [        619       337.3]
  [     815.65      434.41]
  [     609.66      429.54]
  [     749.51      468.62]
  [     662.29      465.27]
  [     751.05      631.37]
  [     653.97      629.53]
  [          0           0]
  [          0           0]]

 [[     384.56       126.4]
  [     396.37       111.6]
  [     372.08      100.21]
  [          0           0]
  [      301.5       83.98]
  [     364.12      207.26]
  [     224.84      191.26]
  [     379.86      360.61]
  [     190.13      356.03]
  [     401.42      466.93]
  [     239.61      518.03]
  [     374.27      520.64]
  [     279.95      523.56]
  [          0           0]
  [          0           0]
  [          0           0]
  [          0           0]]]