[[[     747.67      159.73]
  [      765.8      147.68]
  [     738.22      146.49]
  [     801.77      163.75]
  [     729.41      160.59]
  [     845.02      247.85]
  [     699.66       247.6]
  [     883.17      355.48]
  [      679.1       357.2]
  [     878.33      458.64]
  [     663.86      442.25]
  [     820.35      474.19]
  [     721.79      472.69]
  [     841.74      645.34]
  [     717.36      637.77]
  [          0           0]
  [          0           0]]

 [[     451.06      136.38]
  [     466.41      123.46]
  [     435.04      119.44]
  [     480.36      138.97]
  [     402.75      129.23]
  [     500.92       230.2]
  [     351.71      218.39]
  [     529.37       343.3]
  [      312.5      317.79]
  [        544      432.25]
  [     389.26      338.83]
  [     486.34       465.1]
  [     383.52      464.82]
  [     505.83      634.77]
  [     373.53      633.46]
  [          0           0]
  [          0           0]]]