[[[     618.79       292.5]
  [     621.78      287.66]
  [     612.67      287.86]
  [          0           0]
  [     599.96      291.84]
  [     629.75      326.91]
  [     584.42      325.24]
  [     638.81      367.83]
  [     576.28      363.95]
  [     647.34      401.32]
  [     567.29      395.92]
  [     621.79      409.84]
  [     591.47      409.52]
  [     619.64      469.36]
  [     584.14      470.65]
  [     614.67      525.29]
  [     580.65      526.84]]

 [[     713.32      306.49]
  [     719.25      302.03]
  [     709.86      301.36]
  [     730.72      304.02]
  [     704.76      302.34]
  [     744.74      334.07]
  [     692.57       331.5]
  [     755.33      372.27]
  [      680.2      364.61]
  [     755.26      408.31]
  [     679.48      391.44]
  [     734.05       414.7]
  [     699.62      413.75]
  [     740.36      474.78]
  [     704.01      471.84]
  [     745.32       532.3]
  [      709.4      528.77]]]