[[[     197.46      94.341]
  [     216.25      83.382]
  [      177.3      75.621]
  [     230.17      109.58]
  [     135.16      92.861]
  [     257.31      212.88]
  [     85.172      195.24]
  [     287.56      349.35]
  [     55.074      324.12]
  [     323.05      444.25]
  [     86.139       464.3]
  [     260.74      503.66]
  [     140.58       501.3]
  [          0           0]
  [          0           0]
  [          0           0]
  [          0           0]]

 [[     536.69      169.32]
  [     543.73      151.83]
  [          0           0]
  [     585.63      147.42]
  [          0           0]
  [     660.39      232.15]
  [     551.04      244.44]
  [      701.5      350.02]
  [     543.95      368.18]
  [     673.61      465.54]
  [     526.61      456.68]
  [     646.84      484.49]
  [     571.63      486.11]
  [     682.29      670.08]
  [     583.34      666.41]
  [          0           0]
  [          0           0]]]