[[[     525.12      300.28]
  [     528.69      296.03]
  [      521.2       296.9]
  [     537.27      296.32]
  [     516.72       298.7]
  [     552.21      320.18]
  [     510.17      324.04]
  [     565.04         347]
  [     499.93      354.78]
  [     566.99      372.51]
  [     493.57      382.64]
  [     543.58      388.59]
  [     516.89       389.8]
  [     543.06      436.61]
  [     519.76      437.68]
  [     542.62      482.06]
  [     523.17      483.84]]

 [[     432.87      299.25]
  [     435.37      294.68]
  [     428.11      294.05]
  [          0           0]
  [     413.65      292.92]
  [     430.58      321.09]
  [     398.22      320.22]
  [     435.52      357.63]
  [     389.58      359.74]
  [     443.32      385.64]
  [     399.25      395.46]
  [     433.16      396.57]
  [      412.7      398.04]
  [     429.33      453.71]
  [     411.95      456.62]
  [     423.97      506.71]
  [     405.55      511.47]]]