[[[     709.82      284.45]
  [     716.42      280.08]
  [     709.89      279.63]
  [     735.36      285.17]
  [          0           0]
  [     754.88      316.25]
  [     704.86      319.47]
  [      749.3      354.34]
  [     687.85      364.32]
  [     708.43      365.51]
  [     701.19      377.03]
  [      744.9      409.42]
  [     710.85      409.74]
  [      750.1      482.35]
  [     717.07      478.31]
  [     759.59      550.85]
  [     727.95      544.52]]

 [[     583.03      275.95]
  [     584.28      270.42]
  [     574.74       271.6]
  [          0           0]
  [     558.15      278.33]
  [     589.88      310.15]
  [     548.42      308.93]
  [     601.27      352.62]
  [     542.74      344.24]
  [     613.61      348.09]
  [     583.94      330.77]
  [     590.47      405.22]
  [     562.74       406.2]
  [     590.83      474.33]
  [     561.45      476.36]
  [     575.59      541.17]
  [     550.51      544.03]]]