[[[          0           0]
  [          0           0]
  [          0           0]
  [          0           0]
  [          0           0]
  [       1205      122.29]
  [     932.75      118.87]
  [     1254.9      290.38]
  [        880      300.56]
  [          0           0]
  [      884.6      451.13]
  [     1142.4      516.16]
  [     955.66      511.32]
  [          0           0]
  [          0           0]
  [          0           0]
  [          0           0]]

 [[          0           0]
  [          0           0]
  [          0           0]
  [          0           0]
  [          0           0]
  [     107.55      78.095]
  [          0           0]
  [     155.07      303.99]
  [          0           0]
  [     194.39       497.7]
  [          0           0]
  [      105.8      620.48]
  [          0           0]
  [          0           0]
  [          0           0]
  [          0           0]
  [          0           0]]]