[[[     171.45       298.1]
  [     179.45      294.03]
  [     167.64      291.94]
  [     191.09      299.93]
  [     160.19      294.96]
  [     197.89      333.81]
  [     143.06       328.5]
  [     203.68       375.4]
  [     125.43      368.09]
  [     191.55      411.97]
  [     108.74      406.53]
  [     169.52      422.28]
  [     133.61      419.15]
  [      170.7      486.18]
  [     132.73      483.58]
  [     166.32      547.12]
  [     137.25      545.61]]

 [[     19.837      282.92]
  [     23.263      277.02]
  [      13.34      275.58]
  [          0           0]
  [          0           0]
  [     9.7615      316.24]
  [          0           0]
  [          0           0]
  [          0           0]
  [          0           0]
  [          0           0]
  [          0           0]
  [          0           0]
  [          0           0]
  [          0           0]
  [          0           0]
  [          0           0]]]