[[[     710.57      309.31]
  [     714.85      305.68]
  [          0           0]
  [     730.91      307.21]
  [          0           0]
  [     756.12      329.04]
  [      715.2      332.97]
  [     791.18      349.32]
  [     711.66       362.4]
  [     770.55      376.54]
  [     704.57      387.95]
  [     745.51      410.32]
  [     719.42      409.64]
  [     748.09      469.17]
  [     720.29      464.53]
  [     750.37      527.95]
  [     722.61      519.94]]

 [[     597.08      300.54]
  [     601.39      296.23]
  [     592.14      295.82]
  [          0           0]
  [     581.36      298.72]
  [     606.03      329.83]
  [      567.7      329.29]
  [     611.56      367.43]
  [     562.19      352.16]
  [     621.28      397.88]
  [     578.64       323.6]
  [     603.98      407.79]
  [     578.44      409.85]
  [     601.01      463.32]
  [     577.42      469.12]
  [     592.36      518.45]
  [     571.98      522.36]]]