[[[     364.86      286.43]
  [     370.65      280.73]
  [     359.41      281.56]
  [     383.93      282.53]
  [          0           0]
  [     393.99      314.52]
  [     363.34      315.07]
  [     377.42      359.14]
  [     358.61      355.61]
  [     340.88       379.5]
  [     339.77       380.3]
  [     390.89      401.96]
  [     369.31      401.13]
  [     395.45      468.53]
  [     376.16      464.18]
  [     402.62      531.75]
  [     384.79      525.61]]

 [[          0           0]
  [          0           0]
  [          0           0]
  [          0           0]
  [          0           0]
  [          0           0]
  [          0           0]
  [          0           0]
  [          0           0]
  [          0           0]
  [          0           0]
  [          0           0]
  [          0           0]
  [          0           0]
  [          0           0]
  [          0           0]
  [          0           0]]]