[[[     498.68      187.08]
  [     503.57      175.63]
  [     486.12      174.72]
  [          0           0]
  [      451.2       180.6]
  [      502.1      255.92]
  [      407.2       249.7]
  [     510.96      341.96]
  [     377.53      334.01]
  [     525.46      397.96]
  [     435.85      396.19]
  [     501.17      437.43]
  [     437.13      439.21]
  [     494.72      562.66]
  [     417.79      574.47]
  [     479.01      679.62]
  [     407.28      695.48]]

 [[     738.16      209.43]
  [      751.6      200.53]
  [     729.65      199.55]
  [     776.39      209.87]
  [     720.67      207.21]
  [     799.91      274.04]
  [     706.49      272.76]
  [     825.59      355.02]
  [     693.42      352.84]
  [     800.63      430.93]
  [     676.18      417.31]
  [     776.22      442.59]
  [     714.85      440.41]
  [     791.53      572.14]
  [     717.02      564.98]
  [     799.28      687.81]
  [     741.42      677.46]]]