[[[     728.91      305.84]
  [     732.07      301.18]
  [     725.39      302.47]
  [     741.67      300.75]
  [          0           0]
  [      758.7      323.07]
  [     718.67       326.3]
  [     768.41      354.49]
  [     707.39      353.46]
  [     766.56      379.66]
  [     719.89      358.23]
  [      754.1      389.22]
  [     727.25      391.05]
  [     762.44       440.1]
  [     730.52      442.29]
  [     771.74      487.86]
  [     734.99      490.96]]

 [[     665.11      305.56]
  [          0           0]
  [     661.92      301.26]
  [          0           0]
  [     648.38      302.38]
  [     648.88      326.61]
  [     636.01      327.59]
  [          0           0]
  [     633.42      365.48]
  [          0           0]
  [     645.93      398.34]
  [     650.58      395.81]
  [     643.67      397.25]
  [     647.62      451.14]
  [     644.67      452.21]
  [     642.13      503.18]
  [      639.5      505.83]]]