[[[     767.85      313.48]
  [      772.4      310.09]
  [     764.38       309.5]
  [     778.89      313.56]
  [     757.23      311.68]
  [     787.27      339.17]
  [     741.76      337.81]
  [     795.76      370.54]
  [     731.65      370.33]
  [     797.97      400.84]
  [     728.67      399.19]
  [     779.79      405.33]
  [     749.57      405.23]
  [     782.11      457.03]
  [     750.54      456.71]
  [     785.25      505.27]
  [     751.83      504.49]]

 [[     666.96      304.99]
  [     672.06      301.93]
  [     664.92       301.2]
  [     679.45      307.78]
  [      660.9      305.42]
  [     686.88      333.34]
  [     647.26       331.5]
  [      695.6      367.91]
  [     641.01      355.63]
  [     694.64      398.39]
  [     655.85      331.54]
  [     679.07      399.91]
  [     651.97      399.47]
  [     680.63      451.26]
  [     650.56      451.24]
  [     681.78      501.96]
  [     648.92      498.28]]]