[[[     756.48      302.97]
  [     760.97      299.64]
  [     752.79      298.77]
  [     766.71      304.92]
  [     745.74      301.96]
  [     772.39      332.06]
  [     731.06      326.95]
  [     777.47      364.79]
  [     716.29       358.1]
  [     790.44      358.18]
  [      737.2      353.91]
  [     765.35      399.79]
  [     737.16      398.71]
  [      768.6      451.66]
  [     730.21      450.62]
  [      768.4      502.65]
  [     729.13      501.67]]

 [[     654.11      305.61]
  [          0           0]
  [     651.22      301.47]
  [          0           0]
  [     638.45      304.47]
  [     638.44       332.3]
  [     621.48      332.39]
  [          0           0]
  [     617.74      370.65]
  [          0           0]
  [     629.34      405.44]
  [     637.26      407.31]
  [     626.25       408.1]
  [     637.88      464.65]
  [     622.86      465.76]
  [     632.07      519.06]
  [     618.72      522.77]]]