[[[      748.2      369.98]
  [     751.61      365.44]
  [     743.57       366.5]
  [     760.02       366.4]
  [     738.28      369.02]
  [      776.7      392.06]
  [     731.76         395]
  [     791.26      420.54]
  [     721.52      424.08]
  [     797.17      445.42]
  [     719.96      447.89]
  [      767.9      464.14]
  [     737.33      464.94]
  [     773.74      514.62]
  [     736.08      515.04]
  [     774.67      561.65]
  [     733.91      561.28]]

 [[          0           0]
  [          0           0]
  [     674.99       363.4]
  [          0           0]
  [     664.51      366.43]
  [     656.39      393.49]
  [     647.72      394.56]
  [          0           0]
  [     640.91      431.41]
  [          0           0]
  [     655.28      465.85]
  [      656.4      468.02]
  [      651.5      469.23]
  [     653.55      527.86]
  [      644.9      529.84]
  [     646.39      583.17]
  [     636.76      587.64]]]