[[[     629.47      320.24]
  [     633.22       316.1]
  [     625.96      316.84]
  [     643.02      316.46]
  [     622.33      318.51]
  [      658.6      340.73]
  [     616.96      342.88]
  [     670.14      371.28]
  [     611.52      373.45]
  [     669.76      399.91]
  [     608.96      400.45]
  [     654.75      406.26]
  [     627.34      407.25]
  [     660.22      457.28]
  [     634.62      456.58]
  [     668.96      506.43]
  [      639.9      505.86]]

 [[     523.35      307.29]
  [     524.43      303.24]
  [     518.08      303.44]
  [          0           0]
  [     505.35      305.62]
  [     521.14      332.35]
  [        499      332.78]
  [     526.57      368.81]
  [     497.09      370.18]
  [     534.97      399.71]
  [     507.52      403.16]
  [     521.34      403.74]
  [      507.4      405.01]
  [     516.79      455.03]
  [     506.98      458.19]
  [     511.09      505.55]
  [     496.85      510.65]]]