[[[     750.45      290.77]
  [     755.72      286.01]
  [     745.75      286.57]
  [     766.61      290.58]
  [     740.52      291.87]
  [     783.85      324.15]
  [     731.03      325.52]
  [     803.42      362.83]
  [     723.47      365.34]
  [     817.91      397.51]
  [     719.81      403.21]
  [     774.39      412.13]
  [     738.89      412.47]
  [     779.32      474.55]
  [     733.65      474.63]
  [     781.61      530.76]
  [      731.6      531.06]]

 [[     641.92      304.08]
  [     643.19      298.67]
  [     637.14      297.81]
  [          0           0]
  [     619.74      294.84]
  [     630.88      323.28]
  [     605.42      323.08]
  [     646.85       361.3]
  [     606.63      375.86]
  [     648.63      341.88]
  [     634.84      407.87]
  [     630.42      413.37]
  [     615.31      414.94]
  [     621.79      487.19]
  [      617.9       490.7]
  [     616.08      555.89]
  [     607.01       564.7]]]