[[[      656.4      66.406]
  [     684.24      48.276]
  [     641.96      49.282]
  [     741.79      75.475]
  [     634.01      75.861]
  [     820.37      194.69]
  [     612.36      206.58]
  [     903.58      354.69]
  [      605.5      364.63]
  [     962.87      515.14]
  [     590.71      493.19]
  [     826.47      541.23]
  [      680.6      550.32]
  [          0           0]
  [          0           0]
  [          0           0]
  [          0           0]]

 [[          0           0]
  [          0           0]
  [          0           0]
  [          0           0]
  [          0           0]
  [     72.066      154.62]
  [          0           0]
  [     132.01      346.11]
  [          0           0]
  [     190.08      481.63]
  [          0           0]
  [     104.54      595.22]
  [          0           0]
  [          0           0]
  [          0           0]
  [          0           0]
  [          0           0]]]