[[[     719.02      318.57]
  [     721.61      314.56]
  [     714.48      315.71]
  [     727.98      315.06]
  [     708.71      317.63]
  [     743.25      336.45]
  [     702.29      339.85]
  [        756      364.61]
  [     697.48      366.22]
  [     766.82      389.54]
  [     709.95      370.65]
  [     739.88      399.64]
  [      713.2      401.81]
  [     743.26      445.67]
  [     716.06      448.58]
  [     741.39      491.53]
  [     721.11      494.09]]

 [[     662.47      320.14]
  [          0           0]
  [     659.52      315.44]
  [          0           0]
  [     646.09       315.5]
  [     647.13      339.15]
  [     630.24      338.81]
  [          0           0]
  [     627.94      374.31]
  [          0           0]
  [     637.54      406.62]
  [     644.38      407.63]
  [     633.72      408.28]
  [     645.41      461.19]
  [     634.78      461.98]
  [      635.9      510.64]
  [     628.08       513.2]]]