[[[     521.62      317.57]
  [     524.73      313.35]
  [     517.95      312.68]
  [          0           0]
  [     506.57      311.44]
  [     514.98       338.2]
  [     494.43       336.8]
  [          0           0]
  [     490.08      372.36]
  [          0           0]
  [     499.23      402.88]
  [     511.34      406.13]
  [     498.52      405.99]
  [     498.99      458.63]
  [     488.51      460.33]
  [     482.41      506.06]
  [     476.45      510.38]]

 [[     603.81      315.34]
  [     606.27      311.37]
  [     600.75      312.61]
  [     613.66      309.43]
  [          0           0]
  [     627.48      322.42]
  [     594.72      334.51]
  [     636.49      314.68]
  [     583.58      359.65]
  [     631.33      305.53]
  [     572.97      384.62]
  [     616.16      391.57]
  [     594.17      393.46]
  [     609.25       440.5]
  [     583.75      439.96]
  [     602.41      488.25]
  [     576.87       487.4]]]