[[[          0           0]
  [          0           0]
  [          0           0]
  [     528.41      283.94]
  [     552.18      284.41]
  [     507.58      314.73]
  [     565.18      315.05]
  [     487.83       357.1]
  [     587.33      355.98]
  [     511.15      378.51]
  [      590.9      387.47]
  [     518.61       407.2]
  [     555.57      409.62]
  [     523.47      478.13]
  [     550.57      484.22]
  [     523.38      544.98]
  [     541.96      557.86]]

 [[     718.32      310.45]
  [     722.94      306.17]
  [     716.84       306.5]
  [     735.95      307.99]
  [          0           0]
  [      749.4      334.47]
  [     720.62      336.81]
  [     756.71      368.18]
  [      718.9      371.07]
  [     750.05      400.44]
  [     710.88      398.39]
  [     741.43       405.3]
  [     722.12      405.42]
  [     747.43      459.52]
  [     729.49      457.54]
  [     758.24      509.84]
  [     739.15      504.81]]]