[[[     739.78      260.79]
  [     747.07      253.45]
  [     737.59      254.13]
  [     769.05      253.86]
  [          0           0]
  [     794.54      294.02]
  [      737.5      296.27]
  [     807.15      344.12]
  [     721.31      343.86]
  [     771.22      357.52]
  [     698.88      344.81]
  [     772.86      406.58]
  [     735.41      404.66]
  [     776.66      490.03]
  [     738.89      482.13]
  [     788.27      567.39]
  [     750.46      557.38]]

 [[     597.19      281.12]
  [          0           0]
  [     593.42      274.54]
  [          0           0]
  [     572.93      272.91]
  [     572.02       310.7]
  [      548.3      308.21]
  [          0           0]
  [     543.11      354.95]
  [          0           0]
  [     562.12      402.77]
  [     582.08      412.95]
  [     565.87      414.44]
  [     576.11      488.31]
  [      555.8      491.91]
  [     573.84      557.98]
  [     544.51      564.87]]]