[[[     667.27      305.68]
  [     669.78      302.16]
  [     662.54      302.76]
  [      673.7       306.2]
  [     654.69      307.57]
  [     686.06      328.49]
  [     645.52       330.1]
  [     700.98      354.59]
  [     636.97      356.17]
  [     682.92      355.19]
  [     659.83      353.57]
  [     680.62      393.72]
  [     653.02      394.83]
  [     687.28      444.56]
  [     652.88       446.1]
  [     689.64      490.83]
  [     651.92      492.49]]

 [[     728.56       320.2]
  [     730.41      314.81]
  [          0           0]
  [     742.32      308.95]
  [          0           0]
  [     763.55      331.41]
  [     740.34         334]
  [     764.34      368.52]
  [     734.32         371]
  [     756.42      401.81]
  [     729.88      398.61]
  [     751.25      405.21]
  [     736.35      405.18]
  [     754.18      460.44]
  [     742.02      459.33]
  [     763.59       511.5]
  [      751.8      511.29]]]