[[[     591.19      225.16]
  [     593.78      216.17]
  [     580.06      217.06]
  [          0           0]
  [     551.04      223.09]
  [      608.1      283.12]
  [     511.77      282.35]
  [     628.67      353.98]
  [     476.45      337.94]
  [     638.55      418.09]
  [     478.61      367.25]
  [     598.58      435.78]
  [     536.02       438.7]
  [     599.84      546.68]
  [     535.09      552.09]
  [     594.99      646.47]
  [     530.32      651.75]]

 [[     771.47      189.14]
  [     779.05      177.63]
  [     758.91      184.06]
  [     797.98      191.17]
  [      751.2      206.01]
  [     842.47       252.2]
  [     731.34      261.66]
  [     895.04      297.15]
  [     687.64      307.63]
  [     871.45      272.07]
  [     722.49      300.69]
  [     825.95      419.43]
  [     755.03       423.8]
  [     838.03      531.73]
  [     758.28      544.88]
  [     841.28      652.18]
  [     769.88      650.51]]]