[[[     1078.5      266.74]
  [     1084.6      259.83]
  [     1071.2      261.33]
  [     1097.7      263.51]
  [     1062.6      267.67]
  [     1122.9      299.38]
  [     1052.5      304.64]
  [     1153.6      341.41]
  [     1032.9      349.48]
  [     1121.7       346.6]
  [     1069.6      351.53]
  [       1115      410.25]
  [     1067.5      412.08]
  [     1127.2      488.02]
  [     1067.4      485.65]
  [     1135.3      556.28]
  [     1066.5      552.13]]

 [[     916.12      287.98]
  [     922.17      283.15]
  [     913.96      283.18]
  [     939.81      286.24]
  [          0           0]
  [     965.16       320.1]
  [     906.03         321]
  [     985.02       359.9]
  [     895.46      361.07]
  [     988.41      401.67]
  [     891.36      397.03]
  [     956.44      410.28]
  [      917.3      410.18]
  [     962.87      477.49]
  [     922.33      475.21]
  [     969.91      539.84]
  [     925.83      537.87]]]