[[[     831.27       266.5]
  [     833.64      260.78]
  [          0           0]
  [     849.03      260.76]
  [          0           0]
  [     878.06      295.69]
  [     853.21      298.85]
  [      888.2      344.44]
  [          0           0]
  [     866.36      393.48]
  [          0           0]
  [     869.62      403.25]
  [     852.07      402.69]
  [     876.47      477.81]
  [        847      473.24]
  [     890.94      548.79]
  [     857.58      540.43]]

 [[     712.78       284.3]
  [          0           0]
  [     709.16      279.42]
  [          0           0]
  [     691.69       281.3]
  [     702.53      315.91]
  [      663.4      314.81]
  [     708.26      360.12]
  [     653.41      359.58]
  [     719.91      398.73]
  [     660.98      401.97]
  [     704.61      408.24]
  [     678.89      409.67]
  [      700.9      474.71]
  [     672.85      478.01]
  [     690.79      536.99]
  [        663      541.58]]]