[[[     716.99      306.95]
  [     721.89      303.09]
  [     717.39      302.42]
  [     737.41      301.96]
  [          0           0]
  [     758.87      323.15]
  [     713.41       320.5]
  [     773.46      351.36]
  [     680.21      333.41]
  [     770.47      378.65]
  [     638.54      346.06]
  [     745.94      398.25]
  [     718.33      396.06]
  [     746.22      450.97]
  [     720.78      446.96]
  [     742.06      500.05]
  [     730.02      497.23]]

 [[     611.22      315.19]
  [     613.03       311.2]
  [      606.8       311.2]
  [          0           0]
  [        594      310.82]
  [     616.32      333.63]
  [     576.07      333.76]
  [     626.36      362.96]
  [     565.55      363.04]
  [     628.41      390.98]
  [     566.45      392.31]
  [     612.17      398.32]
  [     585.91       399.8]
  [     615.28      446.04]
  [     587.48      449.39]
  [      614.3      494.03]
  [     586.59      498.64]]]