[[[     606.76      305.19]
  [     609.16      300.72]
  [     602.22         302]
  [     613.85      301.23]
  [     595.64       304.1]
  [     627.31      323.26]
  [     587.48       325.4]
  [     641.42      351.93]
  [     570.14      344.09]
  [      638.2      379.94]
  [     582.53       320.5]
  [     622.41      390.52]
  [     596.26      391.49]
  [     624.23      441.05]
  [     596.19      441.48]
  [     628.94      490.37]
  [     591.85      487.63]]

 [[     662.64      301.76]
  [     667.33      297.49]
  [     659.46      297.89]
  [      678.1      299.54]
  [          0           0]
  [     686.16      325.12]
  [     665.56      326.37]
  [     690.14      362.86]
  [          0           0]
  [     679.55      393.48]
  [          0           0]
  [     679.95      396.26]
  [     667.15      396.19]
  [     677.54      452.17]
  [     672.32      451.06]
  [     682.96       504.4]
  [     677.49      500.26]]]