[[[     626.17      316.21]
  [     627.48      311.19]
  [          0           0]
  [     636.76      304.58]
  [          0           0]
  [     653.97      323.58]
  [      649.1      321.31]
  [     656.26      364.43]
  [          0           0]
  [      643.9      391.94]
  [          0           0]
  [      650.2      397.69]
  [     647.78      395.75]
  [     650.63      453.09]
  [     646.97      451.23]
  [     657.15      505.92]
  [     653.98      503.98]]

 [[     623.18      319.14]
  [          0           0]
  [          0           0]
  [          0           0]
  [          0           0]
  [     640.78      325.77]
  [     613.47      325.39]
  [     639.67      360.16]
  [     601.31      354.89]
  [     631.07      369.32]
  [     618.98      352.57]
  [     626.78      391.45]
  [      608.4       391.1]
  [     630.81      438.99]
  [     609.02      438.59]
  [     628.77      484.53]
  [     607.56       486.1]]]