[[[     601.73      305.45]
  [     604.85      301.73]
  [     597.37      302.29]
  [     610.73      303.36]
  [      590.7      304.36]
  [     622.32      326.75]
  [     583.64      326.26]
  [     630.06       356.6]
  [     585.02      347.84]
  [     636.86      383.86]
  [     597.31      354.95]
  [     619.25      391.88]
  [     592.05      392.51]
  [     624.81      441.77]
  [     591.45      441.97]
  [     628.37      488.81]
  [     592.43      488.13]]

 [[     650.94      304.36]
  [     654.92      300.33]
  [          0           0]
  [      669.3      301.18]
  [          0           0]
  [     683.38      325.81]
  [     665.97      324.63]
  [     685.48      362.72]
  [          0           0]
  [     677.69      392.94]
  [          0           0]
  [     679.35      396.14]
  [     667.82      394.76]
  [     679.59      451.46]
  [     670.11      449.31]
  [     686.95      505.17]
  [     676.85      500.67]]]