[[[     296.93       300.7]
  [     303.58      296.57]
  [     292.81      294.89]
  [     312.41      299.62]
  [     283.73      294.93]
  [     319.34      329.01]
  [     263.45      324.48]
  [     327.61      367.11]
  [     246.52      361.49]
  [     330.18      402.11]
  [     244.52      404.24]
  [     304.13      414.93]
  [     267.74      413.83]
  [     295.93      476.98]
  [     261.36      481.59]
  [     286.07      533.78]
  [     257.82      543.53]]

 [[     463.83      292.71]
  [     468.99      288.17]
  [     458.88      288.08]
  [     476.32      291.24]
  [      450.9      291.32]
  [     486.81       319.9]
  [     442.29      320.38]
  [     503.33      354.77]
  [     435.57      354.12]
  [      486.5       386.4]
  [     427.33       383.6]
  [     467.09      403.33]
  [     437.56      402.04]
  [     463.35      464.83]
  [     436.37      462.51]
  [     468.44       525.1]
  [     442.21      520.32]]]