[[[          0           0]
  [          0           0]
  [       1276       80.97]
  [          0           0]
  [     1227.1      92.964]
  [     1265.6      201.84]
  [     1169.9      183.27]
  [          0           0]
  [     1094.8      310.89]
  [          0           0]
  [     1123.6      437.99]
  [     1226.3      468.93]
  [     1151.1      458.63]
  [     1231.3      642.32]
  [     1083.1       636.2]
  [          0           0]
  [     955.45      711.67]]

 [[     628.33      190.27]
  [          0           0]
  [     618.28      173.03]
  [          0           0]
  [     576.46      166.58]
  [     596.53      245.35]
  [     545.97      241.89]
  [     561.54      358.26]
  [     531.32      354.38]
  [          0           0]
  [     578.17      441.15]
  [     577.35      454.02]
  [     546.73      455.22]
  [     567.47      592.55]
  [     554.43      600.11]
  [     472.36       682.7]
  [     489.79         720]]]