[[[     606.65      312.11]
  [     610.66      309.06]
  [     603.82      308.97]
  [     618.29      313.65]
  [     599.86      313.38]
  [     630.47      339.16]
  [     590.22      339.35]
  [      642.3      368.11]
  [     583.29      367.51]
  [     640.58      394.38]
  [     579.98      394.51]
  [     623.96      401.11]
  [     597.39      401.31]
  [     625.53      448.75]
  [     598.98      449.26]
  [     629.89      492.09]
  [     601.58      492.74]]

 [[     700.95      307.46]
  [     704.34      303.48]
  [     696.75      303.93]
  [     710.75      305.58]
  [     690.66       306.5]
  [     723.31      330.71]
  [     681.79      332.35]
  [      733.4      360.81]
  [     675.35      364.59]
  [     735.05      389.21]
  [     678.94      394.61]
  [     717.96      396.88]
  [     690.38      397.64]
  [     718.93      445.72]
  [     691.04      445.93]
  [     720.39      489.54]
  [     691.42      488.97]]]