[[[     566.69       296.8]
  [     571.28      291.99]
  [     560.73      292.21]
  [     577.76       294.9]
  [     550.71      294.88]
  [      587.3      325.05]
  [     537.86      324.96]
  [     596.67      362.06]
  [     527.19      361.97]
  [     601.69       395.2]
  [     531.83      398.71]
  [     582.39      407.49]
  [     550.23      408.65]
  [     581.23      468.34]
  [      551.8      472.23]
  [     578.36      525.19]
  [      550.4       531.4]]

 [[      734.1         284]
  [     739.69      278.47]
  [     728.57      279.09]
  [     750.65      281.91]
  [     722.08      284.04]
  [     766.44      314.55]
  [     717.58      315.51]
  [     782.46      349.87]
  [     707.07      349.13]
  [      750.1      350.39]
  [     707.35      350.67]
  [     754.14       403.5]
  [     722.26      402.42]
  [     758.26      469.57]
  [     730.56      463.87]
  [     766.32      532.72]
  [     737.85      524.29]]]