[[[     491.27       304.6]
  [        497      300.04]
  [     486.72      299.37]
  [     505.52      302.39]
  [     478.92      300.49]
  [        514      328.21]
  [     465.72      328.42]
  [     521.66       364.3]
  [     451.22      366.34]
  [     523.89      398.47]
  [     456.51      401.98]
  [     505.99      407.32]
  [     474.91      408.41]
  [     503.64      464.57]
  [     473.99      468.55]
  [     496.51      519.95]
  [     471.89      526.64]]

 [[     627.07      295.18]
  [     631.68      290.78]
  [          0           0]
  [     646.76      291.84]
  [          0           0]
  [     663.04      319.46]
  [     634.78      322.26]
  [     667.01      355.04]
  [     633.68      361.33]
  [     636.38      374.55]
  [     611.73       377.7]
  [     652.39      401.08]
  [     632.98       400.5]
  [     654.34       460.7]
  [     633.12      456.44]
  [      665.3       517.7]
  [     641.78      511.67]]]