[[[     609.38      156.43]
  [     627.55      141.83]
  [     595.47       140.2]
  [     657.26      150.25]
  [     578.42       146.6]
  [     690.28      239.62]
  [     553.02      234.85]
  [     726.75         351]
  [     533.93       336.7]
  [     723.26       451.9]
  [     509.59      423.76]
  [      658.2      472.47]
  [      566.8       468.3]
  [     664.15      646.69]
  [      558.8      639.31]
  [          0           0]
  [          0           0]]

 [[          0           0]
  [          0           0]
  [          0           0]
  [          0           0]
  [          0           0]
  [          0           0]
  [          0           0]
  [          0           0]
  [          0           0]
  [          0           0]
  [          0           0]
  [          0           0]
  [          0           0]
  [          0           0]
  [          0           0]
  [          0           0]
  [          0           0]]]