[[[     701.24      290.69]
  [     705.49      285.54]
  [      695.5      286.76]
  [     714.48      287.94]
  [     688.07      290.91]
  [     731.29      319.53]
  [     677.43      321.96]
  [     745.91      353.97]
  [     664.46      357.27]
  [     752.83      383.36]
  [     667.81      386.48]
  [     721.22      404.68]
  [     685.78      405.97]
  [     725.03      466.88]
  [     688.54      468.04]
  [     730.17      524.81]
  [     691.01      527.13]]

 [[      592.6      300.03]
  [     598.05      296.01]
  [     588.55      295.01]
  [     605.61       299.9]
  [     580.75      297.19]
  [     616.24      328.86]
  [     565.13      327.37]
  [     629.04      364.98]
  [     555.17      364.67]
  [     630.34      399.46]
  [     550.48      397.18]
  [     607.28       408.5]
  [     573.63      408.15]
  [      609.9       468.4]
  [     574.58       467.9]
  [     610.68      524.68]
  [     576.84      523.66]]]