[[[      660.8      316.01]
  [     664.05      312.82]
  [     656.97      312.47]
  [     667.85      315.99]
  [     649.44      314.72]
  [     675.82      339.17]
  [     637.33      338.11]
  [     686.64      366.85]
  [     628.09      365.83]
  [      688.2      393.61]
  [     626.97      392.02]
  [      670.9      399.48]
  [     646.06      399.67]
  [     671.65       445.2]
  [     648.18      446.29]
  [     673.88       487.1]
  [     649.86      488.45]]

 [[     743.11      306.75]
  [     746.41      302.77]
  [     738.97      303.51]
  [     753.54      304.88]
  [     733.47      306.72]
  [     767.05       328.3]
  [     725.62      330.83]
  [     779.65      355.52]
  [     714.38      358.28]
  [     770.18      371.35]
  [     725.04      370.29]
  [     759.15      394.25]
  [     731.89      395.54]
  [     763.05      442.86]
  [     733.35      444.76]
  [     767.31      486.85]
  [     735.74      489.44]]]