[[[     489.79      304.26]
  [     494.92      299.57]
  [     484.91      299.21]
  [     502.68      301.45]
  [     476.77       300.4]
  [     512.49      327.54]
  [     464.17      327.79]
  [     521.95      364.23]
  [     451.55      365.78]
  [     523.95      397.67]
  [     456.76      403.23]
  [     504.83      407.96]
  [     473.42      408.85]
  [     502.66      466.79]
  [     473.77      470.69]
  [     497.12      520.94]
  [     472.41      527.88]]

 [[     622.84      294.82]
  [     626.86      290.33]
  [          0           0]
  [     641.12      290.98]
  [          0           0]
  [      658.4      319.87]
  [     631.41      322.02]
  [        665      359.69]
  [     631.09       363.9]
  [     646.54      394.23]
  [     618.73      394.77]
  [     650.74       401.9]
  [     632.41      401.58]
  [     654.65      461.12]
  [     634.33       457.2]
  [     665.96      518.21]
  [     640.55       511.7]]]