[[[     516.21      302.45]
  [     519.34       298.6]
  [     511.82      299.04]
  [     524.13      300.88]
  [     504.31       301.7]
  [     534.57      327.15]
  [     493.01      327.51]
  [     545.62       358.7]
  [     485.21      360.06]
  [     551.99      386.34]
  [      482.7      390.07]
  [     528.69      394.19]
  [     500.67      394.85]
  [     534.89      441.57]
  [      499.9      442.03]
  [     538.44      488.41]
  [     500.95      489.45]]

 [[     564.86      310.43]
  [     566.37      305.79]
  [          0           0]
  [     576.18      302.12]
  [          0           0]
  [     592.05      324.36]
  [     590.25      322.57]
  [      591.1      363.27]
  [          0           0]
  [     580.15       394.7]
  [          0           0]
  [     587.39      397.25]
  [     586.88      395.67]
  [     589.63       453.7]
  [     587.63       452.1]
  [      598.6      506.87]
  [     595.14      504.28]]]