[[[     556.26       214.9]
  [     562.03      204.71]
  [     543.69         207]
  [     567.38      210.08]
  [     521.12      216.39]
  [     587.85      270.74]
  [     503.71      278.49]
  [     614.43       341.8]
  [     490.25      352.99]
  [     624.33      408.87]
  [      482.7      418.79]
  [     584.37      430.11]
  [      527.9      434.92]
  [     606.43      544.06]
  [     539.97      544.29]
  [     635.22      650.91]
  [     561.33      646.43]]

 [[     306.54      173.57]
  [     318.94      163.44]
  [     292.89      156.95]
  [          0           0]
  [     251.15      157.24]
  [     312.25      244.17]
  [      209.2      234.76]
  [     315.39      358.67]
  [     184.05      350.99]
  [      336.1      440.37]
  [     224.25      462.98]
  [     314.41      467.02]
  [     242.34      468.61]
  [     299.92      630.26]
  [     230.69      642.45]
  [          0           0]
  [          0           0]]]