[[[     215.25      161.93]
  [     233.04      148.42]
  [     198.22      147.29]
  [     258.03         163]
  [     172.94      160.81]
  [     294.51      250.89]
  [     128.55      247.43]
  [     330.84      359.14]
  [     90.998      352.27]
  [     334.57      452.02]
  [     74.518      454.88]
  [      269.3      480.28]
  [     158.57      480.15]
  [     283.45       654.2]
  [     153.05      662.48]
  [          0           0]
  [          0           0]]

 [[     539.08      168.92]
  [     550.87      157.63]
  [     525.08      158.18]
  [     565.93      171.44]
  [     503.45      173.14]
  [     592.51      245.06]
  [      473.2      248.34]
  [      623.7      330.15]
  [     446.52      333.77]
  [     607.19      369.85]
  [     484.41      350.57]
  [     579.39      446.52]
  [      498.7      448.27]
  [     580.31      590.27]
  [     487.86      594.55]
  [     567.07      709.53]
  [     486.19      708.07]]]