[[[     583.68      302.93]
  [     586.51       298.6]
  [      578.5      298.14]
  [          0           0]
  [     564.19      298.71]
  [     589.06      330.24]
  [     544.98      329.05]
  [     597.36       367.4]
  [     531.61      367.63]
  [     602.36      400.24]
  [     537.91      404.01]
  [     585.28       410.8]
  [     556.93      411.96]
  [      582.8      468.73]
  [     553.96       472.3]
  [     575.06      523.47]
  [     550.46      528.39]]

 [[     715.22      297.78]
  [     721.12      292.81]
  [     714.81      292.67]
  [     737.92      294.46]
  [          0           0]
  [     752.73      323.83]
  [      713.3      325.35]
  [     742.71      357.35]
  [      694.2      359.27]
  [     713.21      336.01]
  [     684.69      337.93]
  [     734.88      407.72]
  [     708.27      406.84]
  [     738.53      470.23]
  [     714.16      465.52]
  [     748.47      528.62]
  [     725.78      523.01]]]