[[[     284.13      298.82]
  [     289.88      294.11]
  [     279.06      293.33]
  [     298.75      296.85]
  [      270.3      294.55]
  [     310.07      326.58]
  [     254.59      324.98]
  [     320.77      367.62]
  [     238.42      365.29]
  [     324.77       402.4]
  [     239.55      406.35]
  [      298.7      414.08]
  [     262.54      414.51]
  [     294.51      476.08]
  [     257.72      482.47]
  [      286.6      534.59]
  [     252.91      546.88]]

 [[     451.02      290.48]
  [     456.28      285.72]
  [     446.25      285.75]
  [     464.16      289.25]
  [     439.24      289.73]
  [     475.66       317.4]
  [      431.5      319.63]
  [     493.71      354.23]
  [     423.04      357.15]
  [     473.38      378.59]
  [     416.53      377.46]
  [     462.51      403.73]
  [        434      403.47]
  [     461.62      466.96]
  [     434.38      465.22]
  [     466.03      528.68]
  [     438.82      524.57]]]