[[[     492.81      197.87]
  [     502.91      187.14]
  [     479.99      185.97]
  [     509.24      199.21]
  [     449.54      195.52]
  [     526.06      270.57]
  [        412      268.44]
  [     562.94      360.41]
  [     390.55      360.44]
  [     571.45       445.4]
  [     378.13      437.66]
  [     512.99      454.84]
  [      437.9      456.33]
  [     527.58      602.68]
  [     439.28      604.81]
  [     512.23      708.66]
  [     457.16      712.67]]

 [[     714.11      167.79]
  [     727.32      154.11]
  [     701.74      156.61]
  [     755.91      160.83]
  [      691.7      167.58]
  [     794.71      235.25]
  [     671.96      244.87]
  [     833.88      328.85]
  [     647.21      338.73]
  [      800.1      304.78]
  [     664.45      298.94]
  [     771.45      441.42]
  [     689.51       444.2]
  [     783.84       592.2]
  [     686.85      597.84]
  [     786.77      714.31]
  [      695.1      711.61]]]