[[[     1099.5      279.65]
  [     1103.8      272.64]
  [          0           0]
  [     1123.8      265.83]
  [          0           0]
  [     1154.2      292.15]
  [     1105.9      299.76]
  [     1143.4      330.45]
  [     1095.7      342.26]
  [     1099.9      355.66]
  [     1076.2      371.41]
  [     1152.1      390.99]
  [     1116.8      392.55]
  [       1164       457.4]
  [     1112.7      455.34]
  [     1167.8      520.57]
  [     1116.6      520.55]]

 [[     988.24      297.43]
  [     990.91      292.52]
  [     983.18      291.83]
  [          0           0]
  [     967.22      287.23]
  [     995.83      310.69]
  [     941.64      307.96]
  [     1007.3      347.48]
  [     923.03      344.73]
  [     1008.9      382.14]
  [     921.35      380.63]
  [     986.64      393.57]
  [     950.64       393.6]
  [     995.33      451.87]
  [      948.4      452.15]
  [     995.19      509.23]
  [      951.9      510.29]]]