[[[      573.3       304.4]
  [     576.52      300.73]
  [     569.07      301.12]
  [     582.12      302.68]
  [     562.04      303.53]
  [     593.47       326.6]
  [     551.89      327.06]
  [      603.8      353.91]
  [     539.77      355.07]
  [     601.97      377.82]
  [     542.21      384.01]
  [     589.98      391.02]
  [     562.46      391.68]
  [     595.98       438.4]
  [     562.49      438.32]
  [     599.51      485.54]
  [     566.34      486.33]]

 [[     629.42      308.77]
  [     633.08      304.59]
  [     627.91      304.99]
  [     644.88      303.33]
  [          0           0]
  [     657.42      324.97]
  [     639.51      325.59]
  [     661.89       360.5]
  [          0           0]
  [     649.61      390.54]
  [          0           0]
  [     651.85       394.5]
  [     640.79       394.1]
  [     648.86      450.59]
  [     643.68      449.75]
  [      653.6      502.76]
  [     649.33      499.26]]]