[[[     1054.8      485.29]
  [     1063.6      478.94]
  [     1052.9      478.55]
  [     1087.6      482.07]
  [          0           0]
  [     1125.5      518.75]
  [     1042.1      535.25]
  [     1180.8      547.35]
  [     1027.6      597.34]
  [     1149.5      592.95]
  [     1022.1      651.09]
  [     1110.4      657.13]
  [     1056.8      662.45]
  [     1129.2      754.96]
  [     1074.1       756.6]
  [       1151      850.05]
  [     1088.3      850.06]]

 [[     909.38      470.34]
  [          0           0]
  [     903.96      461.43]
  [          0           0]
  [     878.61      464.75]
  [     862.56      516.66]
  [     859.64      517.89]
  [          0           0]
  [     898.32      572.48]
  [          0           0]
  [     906.42      509.34]
  [     865.07      663.27]
  [     861.64      667.15]
  [     867.07      778.02]
  [     861.69      783.97]
  [     866.05      887.03]
  [     849.74      893.08]]]