[[[     718.57       390.3]
  [     725.14      374.23]
  [          0           0]
  [     756.23      367.66]
  [          0           0]
  [     740.05      441.47]
  [     861.65      440.64]
  [     706.17       544.3]
  [     926.13      556.05]
  [     665.58       642.5]
  [     882.38      640.84]
  [     769.88       678.9]
  [     845.81      676.21]
  [     779.73      861.85]
  [     818.87      852.93]
  [     803.65      1027.6]
  [     820.14      1009.3]]

 [[     1060.3      479.79]
  [       1070      474.52]
  [     1058.1      473.28]
  [     1091.7      482.47]
  [          0           0]
  [     1122.9       520.2]
  [     1041.2      533.41]
  [     1179.4      553.73]
  [     1027.1      595.91]
  [     1152.8      591.76]
  [     1020.9      648.54]
  [     1111.1      655.21]
  [     1058.6      660.14]
  [     1130.2      755.88]
  [     1073.5      757.41]
  [     1152.1      852.77]
  [     1087.3       851.7]]

 [[          0           0]
  [          0           0]
  [          0           0]
  [          0           0]
  [          0           0]
  [      899.7      495.02]
  [     876.67      495.41]
  [     907.04      575.31]
  [          0           0]
  [     889.52      659.57]
  [          0           0]
  [     883.42      651.58]
  [     867.21      651.61]
  [     879.79      773.19]
  [     869.34      777.19]
  [     875.79      874.12]
  [     854.83      880.91]]]