[[[     702.08       482.2]
  [     709.19      475.34]
  [     693.99      473.98]
  [     714.76      481.03]
  [     675.98      476.69]
  [     723.74      531.06]
  [     647.09      524.47]
  [     738.26      592.04]
  [     629.65      581.54]
  [     747.17      643.17]
  [     625.82      637.25]
  [      712.1      656.45]
  [     660.27      655.76]
  [     722.13      747.91]
  [     658.07      750.31]
  [     720.23      833.57]
  [      656.2      839.76]]

 [[     838.79      498.84]
  [     846.45      493.11]
  [     832.08      491.45]
  [     854.79      498.83]
  [     817.46      493.83]
  [     866.54      542.61]
  [     791.06      538.64]
  [     884.05      597.26]
  [     776.53      594.28]
  [      889.1       647.1]
  [     775.43      648.97]
  [      857.1      658.37]
  [      807.6      658.35]
  [     857.73      744.05]
  [     808.74      746.37]
  [     859.32      824.51]
  [     810.53      827.96]]

 [[     971.69       500.1]
  [     978.13      493.08]
  [     963.85       494.1]
  [     988.29      499.76]
  [     952.71      501.99]
  [     1007.2      545.71]
  [     937.24      548.63]
  [     1024.2      599.31]
  [     921.63      603.28]
  [     1020.6      648.23]
  [     936.56       649.3]
  [     996.78      660.51]
  [     951.23      662.17]
  [     994.76      742.93]
  [     950.16      744.99]
  [     997.47      819.86]
  [     951.26      821.78]]]