[[[     1051.5      478.69]
  [     1059.4      472.24]
  [     1050.7      472.23]
  [     1084.4      475.74]
  [          0           0]
  [     1126.1      511.12]
  [     1048.1      530.73]
  [     1187.9       537.8]
  [     1040.8      593.39]
  [     1161.3      582.63]
  [     1032.4      645.42]
  [       1121         649]
  [     1070.4       655.5]
  [     1136.1      746.28]
  [     1084.7      751.85]
  [       1151      842.06]
  [     1095.8         846]]

 [[     908.57      491.96]
  [     911.83      483.67]
  [     904.63      480.87]
  [          0           0]
  [     877.36      470.26]
  [      853.8       519.2]
  [     860.07      513.23]
  [          0           0]
  [     915.73      578.53]
  [          0           0]
  [     940.18       611.5]
  [     862.68      666.02]
  [     866.22      667.27]
  [     860.99      774.01]
  [     864.25      780.19]
  [     866.28      878.62]
  [     851.72      889.46]]]