[[[     1072.6      489.58]
  [     1081.2      482.53]
  [     1068.9      483.04]
  [     1105.3      486.35]
  [          0           0]
  [     1139.3      532.29]
  [     1059.6       539.1]
  [     1164.1      589.14]
  [     1044.7      600.94]
  [       1164      649.42]
  [     1037.1      658.06]
  [     1127.8      666.61]
  [     1074.8      668.86]
  [     1141.8      762.45]
  [     1086.2      762.27]
  [     1150.5      853.63]
  [     1095.1      853.24]]

 [[      956.9      482.34]
  [     966.12      476.06]
  [     950.99      474.26]
  [     980.21      482.86]
  [      939.4      478.17]
  [      998.9      526.67]
  [        913      522.13]
  [     1016.9      582.37]
  [     894.74      577.99]
  [     986.02      580.86]
  [     937.17      585.39]
  [      987.3      653.42]
  [     928.59      652.76]
  [     989.03      750.47]
  [     923.41      751.03]
  [     1001.8      841.65]
  [     926.94      845.31]]

 [[      865.9      470.19]
  [          0           0]
  [     858.66      461.36]
  [          0           0]
  [     832.56      468.02]
  [     818.56      523.37]
  [     820.51      524.14]
  [          0           0]
  [     870.24         586]
  [          0           0]
  [     923.98      554.24]
  [     815.89      676.26]
  [     816.85       679.3]
  [     819.45      789.84]
  [     825.89      794.99]
  [     815.22      901.08]
  [     816.28      911.94]]]