[[[      538.6      492.88]
  [          0           0]
  [      532.5      485.04]
  [          0           0]
  [     508.12      485.01]
  [     461.81      522.84]
  [     505.41      529.55]
  [        423      579.72]
  [     481.88      580.63]
  [     428.82      624.43]
  [     450.06      616.51]
  [     462.01      658.33]
  [     485.14      664.36]
  [     489.86      744.91]
  [     468.69      765.33]
  [     515.62      828.48]
  [     425.42      860.56]]

 [[     808.71      464.97]
  [     817.93      455.32]
  [      802.5      451.93]
  [          0           0]
  [     777.01      442.17]
  [     750.39      491.16]
  [     762.94      493.12]
  [          0           0]
  [     801.99      583.08]
  [          0           0]
  [     874.75      621.54]
  [     748.14       649.7]
  [     753.14      658.33]
  [     770.19      771.66]
  [     772.95      792.71]
  [     793.48      895.81]
  [     734.13      927.53]]

 [[     829.92      503.05]
  [     836.63      497.81]
  [     824.65      497.07]
  [     847.85      503.14]
  [     816.11      500.21]
  [     860.78       539.4]
  [      802.5      540.69]
  [     878.61      572.02]
  [     803.86      593.54]
  [     886.27      575.85]
  [          0           0]
  [     860.96      639.59]
  [     819.14      641.43]
  [      862.8      714.94]
  [     815.91      719.38]
  [     871.89      784.92]
  [     802.54      787.66]]]