[[[     783.36      333.88]
  [      801.5      320.06]
  [     765.44      320.97]
  [     832.46       346.2]
  [     743.55      348.65]
  [     876.09       456.4]
  [     707.02       459.5]
  [     925.22      590.03]
  [      678.1      593.72]
  [     919.02      697.61]
  [        705      703.56]
  [     855.26      720.33]
  [     742.76      724.15]
  [     855.93      925.36]
  [     738.95       940.2]
  [      839.6      1069.8]
  [     753.68      1074.8]]

 [[      58.76      251.26]
  [     83.657       235.2]
  [     32.013      230.07]
  [     120.81      265.51]
  [          0           0]
  [     160.31      408.98]
  [          0      405.62]
  [     218.15      566.54]
  [          0           0]
  [     202.76      699.86]
  [          0           0]
  [     115.12      762.82]
  [          0           0]
  [          0           0]
  [          0           0]
  [          0           0]
  [          0           0]]

 [[     487.97      335.64]
  [     506.41      320.63]
  [     470.35      315.07]
  [     515.61       338.3]
  [     419.69      322.77]
  [     538.66      437.93]
  [     334.39      422.63]
  [     577.46      565.57]
  [     294.48      547.86]
  [      476.1      634.74]
  [     381.79      639.97]
  [     512.68      726.89]
  [     372.23      726.57]
  [     527.57      951.09]
  [     363.76      965.67]
  [          0           0]
  [          0           0]]]