[[[     1866.1      468.78]
  [     1873.8      462.44]
  [     1859.4      462.56]
  [     1887.2      468.33]
  [     1848.4      468.66]
  [       1906      513.16]
  [     1830.2      515.34]
  [          0           0]
  [     1811.3      570.36]
  [          0           0]
  [     1808.3      620.72]
  [     1903.9      625.58]
  [     1853.5      626.91]
  [     1911.4      710.41]
  [     1855.2      710.29]
  [     1913.9      785.04]
  [     1853.2      788.68]]

 [[     1708.4      465.79]
  [     1714.6      459.67]
  [     1701.3       459.4]
  [     1723.4      465.65]
  [       1688      463.67]
  [     1740.4      509.52]
  [     1662.7       505.6]
  [     1755.5      555.78]
  [     1637.5      551.34]
  [       1734      572.12]
  [       1684      571.29]
  [     1735.3      614.36]
  [     1681.9      614.94]
  [     1752.6      693.28]
  [     1684.1      693.85]
  [     1756.4         773]
  [     1682.7      773.59]]]