[[[     575.83       369.5]
  [     579.53      353.91]
  [     560.39      352.53]
  [          0           0]
  [      508.5      362.63]
  [     570.94      462.12]
  [     463.71      463.99]
  [      632.3      569.83]
  [      496.1      581.21]
  [     660.92      622.85]
  [     613.62      603.39]
  [     566.85      720.26]
  [     495.71      725.81]
  [     553.55      900.05]
  [     486.22      912.16]
  [     525.37      1052.7]
  [      459.9      1075.8]]

 [[     876.47      402.98]
  [     892.08      393.39]
  [     872.58      389.93]
  [     927.39      403.16]
  [          0           0]
  [     962.58      478.97]
  [     854.07      472.68]
  [     988.35      567.78]
  [      832.5      567.07]
  [     1001.7      650.73]
  [     808.34      649.76]
  [     935.07      680.68]
  [     862.23      676.43]
  [     934.49      824.74]
  [     843.47      819.82]
  [     920.66      961.08]
  [     838.19       960.3]]

 [[     1089.4      337.53]
  [     1103.8      322.47]
  [          0           0]
  [     1151.5      333.26]
  [          0           0]
  [     1192.3      435.34]
  [     1123.3      432.22]
  [     1204.5      579.42]
  [          0           0]
  [     1145.9      698.92]
  [          0           0]
  [     1149.8      703.73]
  [     1102.6      696.24]
  [     1169.1      904.19]
  [     1111.3      889.55]
  [     1195.2      1071.1]
  [     1139.3      1044.3]]]