[[[     375.49      246.29]
  [     381.22      227.02]
  [     352.36      215.56]
  [          0           0]
  [     257.41      218.63]
  [     358.38      401.27]
  [     163.08      372.72]
  [     388.27      597.43]
  [     135.97      586.57]
  [      402.4      739.11]
  [     230.72      783.22]
  [        337      823.64]
  [      200.4      812.53]
  [          0           0]
  [          0           0]
  [          0           0]
  [          0           0]]

 [[     854.64      320.49]
  [     873.83      303.84]
  [     837.28      304.15]
  [     905.21      318.27]
  [     816.31      319.12]
  [     947.73      424.94]
  [     786.13      426.28]
  [     988.38      555.71]
  [     758.71      559.33]
  [      998.3      671.13]
  [     732.65      677.16]
  [     914.19      713.22]
  [      805.1       710.7]
  [     914.04      917.54]
  [     768.86      916.14]
  [     879.16      1072.5]
  [     773.96      1065.5]]

 [[     1077.3      242.15]
  [     1098.6      220.08]
  [          0           0]
  [     1177.5      234.78]
  [          0           0]
  [     1257.9      359.12]
  [     1120.3      370.13]
  [     1310.2      539.66]
  [          0           0]
  [       1269      740.43]
  [     1081.3      681.57]
  [     1228.9      756.39]
  [     1130.7      754.27]
  [     1259.6      1036.9]
  [          0           0]
  [          0           0]
  [          0           0]]]