[[[     737.12      470.94]
  [     747.76      463.83]
  [     729.14      460.04]
  [     756.77      473.41]
  [     708.82      463.23]
  [     765.27      525.45]
  [     672.73      516.71]
  [     787.61      584.65]
  [     656.56      579.33]
  [     747.26      615.82]
  [     699.23      630.18]
  [     752.07      670.04]
  [     689.82      668.67]
  [     755.31      782.35]
  [     688.66      783.95]
  [     756.81      892.21]
  [     692.96      896.55]]

 [[     905.49      466.73]
  [     914.29       458.1]
  [     895.49      459.08]
  [      928.6      467.29]
  [     881.31      469.49]
  [     952.55      525.44]
  [     861.19      529.42]
  [     976.64      594.71]
  [     842.71      601.68]
  [     972.34      659.74]
  [     860.29      665.41]
  [     940.09      673.57]
  [     879.92      675.97]
  [     940.51      778.53]
  [     880.09      782.54]
  [     940.74      876.28]
  [     877.76      881.67]]

 [[     536.38      460.39]
  [     544.13      449.72]
  [     523.93      449.44]
  [          0           0]
  [     499.97      447.16]
  [     571.08      508.51]
  [     468.22      495.87]
  [     612.05      570.03]
  [     439.16      569.82]
  [      593.3      511.29]
  [     456.32      643.66]
  [      549.2      681.37]
  [     482.74       677.2]
  [     548.95      801.54]
  [     478.37      805.08]
  [     549.02      908.58]
  [      474.3      929.36]]]