[[[     1056.9       480.6]
  [       1066       475.5]
  [     1055.4      474.41]
  [       1089      482.16]
  [          0           0]
  [     1123.8      518.62]
  [     1041.5      532.89]
  [     1180.4      548.39]
  [     1027.7      594.93]
  [     1150.1      591.39]
  [     1021.8      648.99]
  [     1109.3      655.91]
  [     1056.4      660.85]
  [     1128.8      754.85]
  [     1074.8      757.42]
  [     1150.9      850.35]
  [     1087.7      851.84]]

 [[     902.43      468.58]
  [          0           0]
  [     898.83      459.87]
  [          0           0]
  [     873.92      464.08]
  [     855.91      512.83]
  [     856.89      516.32]
  [          0           0]
  [     911.14      562.72]
  [          0           0]
  [     903.51       506.8]
  [     867.58      663.68]
  [     866.44      666.62]
  [     869.12      779.91]
  [     863.95      786.24]
  [     866.46      883.61]
  [     846.45      894.57]]]