[[[      843.6      311.77]
  [     870.24      303.83]
  [     839.15      296.77]
  [        918      334.19]
  [          0           0]
  [      964.9      427.18]
  [     782.51      420.08]
  [     990.08      559.82]
  [     745.42      548.22]
  [     875.51      627.23]
  [      792.4      630.18]
  [     929.06      716.87]
  [     804.39      713.42]
  [     943.52      946.73]
  [     813.42       944.2]
  [        950      1065.8]
  [          0           0]]

 [[     504.71      277.23]
  [     532.69      265.97]
  [     490.24      255.29]
  [     565.89      298.68]
  [     462.78         274]
  [     596.05      414.31]
  [     396.01      396.35]
  [      629.2      563.67]
  [     328.51      541.85]
  [     637.19      690.35]
  [     305.44      683.14]
  [     561.44      728.24]
  [      418.2      724.03]
  [     586.82       959.9]
  [     364.98      963.05]
  [          0           0]
  [          0           0]]

 [[     188.79      126.47]
  [          0           0]
  [     162.11      80.164]
  [          0           0]
  [     34.788       65.99]
  [     60.893      279.11]
  [          0      267.98]
  [     98.425      547.43]
  [     16.246      509.22]
  [     256.85      496.26]
  [      194.9      356.58]
  [          0           0]
  [          0           0]
  [          0           0]
  [          0           0]
  [          0           0]
  [          0           0]]]