[[[     932.39      429.35]
  [     944.76      419.37]
  [     924.08      418.52]
  [     966.32      425.51]
  [     912.63      423.24]
  [     991.81      494.31]
  [     890.79      493.41]
  [     1009.8      573.47]
  [     872.91      571.19]
  [     1015.9      651.29]
  [     852.76      645.01]
  [     970.13      672.32]
  [     902.23      670.07]
  [     964.08      800.57]
  [     885.65      796.95]
  [     953.23      925.19]
  [     878.46      920.33]]

 [[     667.56      409.54]
  [     668.42      396.79]
  [     652.63      396.73]
  [          0           0]
  [     609.37      404.17]
  [     644.82      487.41]
  [     577.92      488.49]
  [     653.68      597.88]
  [     559.02      594.34]
  [     683.68      677.39]
  [     617.24      678.95]
  [     648.64       707.9]
  [        604      713.81]
  [     634.26      857.69]
  [     593.78      876.29]
  [     614.51      998.53]
  [      561.7      1030.8]]

 [[     1061.5      399.64]
  [     1070.1       386.1]
  [          0           0]
  [     1112.7      386.71]
  [          0           0]
  [     1164.6      465.95]
  [     1106.9      469.44]
  [     1183.9      569.87]
  [          0           0]
  [     1145.8      678.43]
  [          0           0]
  [     1144.5      695.02]
  [     1106.1      691.14]
  [     1162.3      867.15]
  [     1115.1      846.95]
  [       1192      1034.1]
  [     1153.6      996.25]]]