[[[     1675.3      489.12]
  [     1681.9      482.45]
  [       1668       483.8]
  [     1695.4      487.42]
  [     1658.2      490.52]
  [       1718      528.28]
  [     1642.7      531.96]
  [     1741.9      573.53]
  [     1624.8      580.79]
  [     1738.4      619.53]
  [       1640      624.59]
  [     1707.7      632.38]
  [     1658.1      633.67]
  [     1711.1      707.62]
  [     1660.7       707.1]
  [     1713.8       774.4]
  [     1656.1      772.42]]

 [[     1531.2      492.99]
  [     1537.2      487.32]
  [     1525.2      487.31]
  [     1546.9      491.43]
  [     1514.5       490.7]
  [     1563.7      530.35]
  [     1493.5      529.59]
  [     1581.8      576.23]
  [     1476.5      577.18]
  [     1589.3      619.31]
  [     1478.1      620.45]
  [       1555      627.05]
  [     1508.5      627.32]
  [     1556.6      698.68]
  [     1505.5      699.12]
  [     1557.8      765.24]
  [     1502.2      765.78]]

 [[     1406.6      486.33]
  [     1412.3      480.82]
  [     1401.2      480.17]
  [     1420.4      485.59]
  [     1390.1      483.52]
  [     1433.1      523.93]
  [     1369.1      520.41]
  [     1444.5      567.13]
  [     1346.5       562.1]
  [     1432.4      584.09]
  [     1380.1       585.5]
  [     1423.7      622.22]
  [     1379.8       621.6]
  [     1430.8      695.49]
  [     1375.5       693.6]
  [     1432.6      762.18]
  [     1370.3       761.8]]]