[[[     127.69      168.17]
  [     170.09      157.62]
  [     100.92      137.38]
  [     209.24      213.05]
  [          0           0]
  [     267.16      360.91]
  [          0      339.26]
  [     316.19      551.11]
  [          0           0]
  [      106.2      650.31]
  [          0           0]
  [     220.53      806.08]
  [          0           0]
  [          0           0]
  [          0           0]
  [          0           0]
  [          0           0]]

 [[     649.08      193.95]
  [     682.79      177.02]
  [     626.86      178.89]
  [     737.97      229.49]
  [     603.79      231.17]
  [     813.06      387.68]
  [      547.5      392.49]
  [     870.72      586.95]
  [     494.03      586.93]
  [     863.14      751.08]
  [     519.97      757.29]
  [     773.38       802.8]
  [     593.87      805.59]
  [          0           0]
  [          0           0]
  [          0           0]
  [          0           0]]]