[[[     1064.3      483.33]
  [     1073.2      476.69]
  [     1060.1      476.28]
  [     1095.1      479.89]
  [          0           0]
  [     1124.6      522.67]
  [     1045.9      527.53]
  [     1133.7      558.91]
  [     1030.5      595.16]
  [       1086      531.05]
  [     1028.4      644.69]
  [     1114.5      658.43]
  [     1060.4      659.03]
  [     1133.7      757.91]
  [       1072       754.1]
  [       1154      849.31]
  [     1087.3      850.69]]

 [[     915.41      476.66]
  [          0           0]
  [     910.63       466.6]
  [          0           0]
  [     885.69      465.87]
  [      866.9       519.9]
  [     867.03      520.18]
  [          0           0]
  [     897.84      580.05]
  [          0           0]
  [     910.68       534.7]
  [     863.55      665.91]
  [     863.02      669.33]
  [     863.39      777.35]
  [      866.3      786.82]
  [     865.08       880.5]
  [     845.86      894.21]]]