[[[     910.65       456.8]
  [     920.18      448.29]
  [     900.37      449.08]
  [     935.72      458.67]
  [        886      460.18]
  [     960.66      519.05]
  [     864.46      521.92]
  [     982.38      591.88]
  [     843.93      597.05]
  [     980.86      656.16]
  [     863.38      659.73]
  [     947.68      671.56]
  [     884.48      673.66]
  [     943.79      779.53]
  [     881.95      782.95]
  [     945.99      877.82]
  [     883.87      881.55]]

 [[     736.74      458.29]
  [     747.79      451.96]
  [     728.82       447.7]
  [     757.84      462.64]
  [     709.07      451.04]
  [     768.47      514.92]
  [      671.5      504.56]
  [     790.04      574.74]
  [     650.58      565.89]
  [     744.72      611.66]
  [     689.86      616.56]
  [     752.88      664.09]
  [     688.11      662.28]
  [     754.89      779.52]
  [     686.02       782.6]
  [     755.26      892.53]
  [      690.7      898.59]]

 [[     534.27       452.1]
  [     542.41      441.35]
  [      521.7      440.85]
  [          0           0]
  [     496.81      436.33]
  [     565.63      492.92]
  [     470.92      483.13]
  [      601.3      557.53]
  [     482.04      565.81]
  [     580.61      499.11]
  [     535.39      628.87]
  [     540.99         673]
  [     475.91      669.41]
  [     543.12      799.79]
  [     467.99      804.81]
  [      539.8      911.17]
  [     462.31      931.68]]]