[[[     1323.4       256.9]
  [     1347.6      235.63]
  [     1302.3      238.26]
  [     1390.6      253.51]
  [     1279.6      258.92]
  [     1446.6      384.38]
  [     1246.1         388]
  [       1500      542.04]
  [       1204      546.32]
  [     1507.6      684.81]
  [     1171.5      673.81]
  [     1398.5      726.17]
  [     1263.7      722.22]
  [     1406.5      981.92]
  [       1233      970.21]
  [          0           0]
  [          0           0]]

 [[     1681.2      69.402]
  [     1722.2      24.867]
  [          0           0]
  [     1867.9      26.678]
  [          0           0]
  [          0           0]
  [     1767.9      250.67]
  [          0           0]
  [          0           0]
  [          0           0]
  [          0           0]
  [          0           0]
  [          0           0]
  [          0           0]
  [          0           0]
  [          0           0]
  [          0           0]]

 [[     801.22      237.79]
  [      806.1      216.26]
  [     774.36      217.43]
  [          0           0]
  [     692.99       247.1]
  [     803.09      390.18]
  [     649.33      387.99]
  [     867.81      565.33]
  [     734.04      544.42]
  [     859.24      419.82]
  [     788.59      382.77]
  [      795.6      792.67]
  [     680.36      793.51]
  [          0           0]
  [     658.23      1065.1]
  [          0           0]
  [          0           0]]]