[[[     1055.5      481.95]
  [     1064.4      476.17]
  [     1053.4      475.69]
  [     1088.1      481.27]
  [          0           0]
  [     1124.5      517.31]
  [     1042.1      533.85]
  [     1179.4      544.62]
  [     1031.7      595.16]
  [     1153.8      591.12]
  [     1027.5      648.94]
  [     1113.3       655.3]
  [     1059.9      661.02]
  [     1131.4      753.38]
  [     1074.9      756.41]
  [       1151      848.87]
  [     1086.9       850.5]]

 [[     895.55      472.96]
  [     903.66      465.24]
  [     886.46      463.42]
  [          0           0]
  [      864.5      465.81]
  [     885.24      522.33]
  [     847.68      512.25]
  [     886.02      585.92]
  [     814.65      540.92]
  [     914.45      605.11]
  [     847.15      491.45]
  [     881.08      667.46]
  [        859      668.87]
  [     865.18      776.16]
  [     864.73      783.43]
  [     865.45      880.06]
  [     851.82      889.11]]]