[[[     908.89      491.21]
  [     909.31      483.96]
  [     902.25      482.98]
  [          0           0]
  [     876.44      485.62]
  [     891.99      534.27]
  [      853.3      535.91]
  [     915.68      599.84]
  [     874.08      599.01]
  [     931.98      653.68]
  [     921.02      610.19]
  [     894.33      667.45]
  [      868.7      670.58]
  [     884.68      765.35]
  [     866.92      773.02]
  [     868.76      858.26]
  [     846.64      866.55]]

 [[       1047      490.98]
  [     1055.4      485.25]
  [     1044.4      484.63]
  [     1075.8      490.21]
  [          0           0]
  [     1103.8      532.44]
  [     1025.3      532.74]
  [     1123.9      583.69]
  [     1009.7       580.6]
  [     1099.2      602.74]
  [     1038.6      589.47]
  [     1089.2         655]
  [     1034.2      654.37]
  [     1093.5      745.22]
  [     1023.1      741.49]
  [     1103.7      831.32]
  [     1016.3      827.61]]

 [[     1159.9      483.07]
  [       1166      474.52]
  [          0           0]
  [     1192.7      475.61]
  [          0           0]
  [     1214.4      523.96]
  [     1192.7      525.26]
  [     1156.7      581.52]
  [          0           0]
  [     1097.3      600.44]
  [          0           0]
  [     1193.1      667.92]
  [     1175.2      664.28]
  [     1197.6      776.44]
  [     1171.1      770.43]
  [     1216.5      880.36]
  [       1191      871.54]]]