[[[     1091.4      484.64]
  [     1098.3      477.72]
  [     1083.6      478.16]
  [     1110.2      482.18]
  [       1072      483.63]
  [     1136.7      523.26]
  [     1057.9       532.2]
  [     1181.6      565.85]
  [     1049.3      589.01]
  [     1172.6      619.71]
  [     1038.9      641.71]
  [     1131.3      656.05]
  [     1080.1      659.63]
  [     1141.8      751.86]
  [     1090.7      754.05]
  [       1152      846.83]
  [     1096.6      845.15]]

 [[     857.82      472.75]
  [     866.85      464.81]
  [     847.63      463.77]
  [     875.99       472.9]
  [     830.14      469.34]
  [     869.84      524.05]
  [     819.82      522.18]
  [     873.49      589.23]
  [     811.15      595.75]
  [     894.61      613.88]
  [     844.21      662.17]
  [     864.61      671.07]
  [      833.1      673.63]
  [     855.19      779.16]
  [     843.26      788.36]
  [     841.24      882.11]
  [     825.76      898.88]]]