[[[     1060.6      481.92]
  [     1069.4      475.82]
  [     1056.8      475.77]
  [     1092.3      482.39]
  [          0           0]
  [     1125.4      528.33]
  [       1042      534.31]
  [     1153.7      581.63]
  [     1030.2      594.37]
  [     1152.6      640.13]
  [     1026.3      648.02]
  [     1115.4      658.37]
  [       1060      661.34]
  [     1133.6      755.35]
  [     1072.5      756.03]
  [     1152.2      848.63]
  [     1087.1      850.25]]

 [[     912.67      483.47]
  [          0           0]
  [     908.73      473.41]
  [          0           0]
  [     885.04       470.7]
  [     869.08      518.74]
  [     851.59      521.69]
  [     877.09      601.88]
  [     848.52      598.91]
  [     908.39      649.85]
  [     911.49      583.81]
  [     869.78      664.02]
  [     860.71      669.65]
  [     864.94       774.8]
  [     864.72      782.61]
  [     855.61      882.27]
  [     858.45       889.6]]

 [[          0           0]
  [          0           0]
  [          0           0]
  [          0           0]
  [      840.6      473.93]
  [     829.68      515.61]
  [     824.98      518.64]
  [          0           0]
  [     821.04      588.76]
  [          0           0]
  [          0           0]
  [     825.91      639.06]
  [     823.23      641.38]
  [     815.37      727.68]
  [     824.63      731.43]
  [     801.04      816.15]
  [     803.49      820.76]]]