[[[     1195.8      423.02]
  [     1210.9      416.32]
  [     1190.6      412.16]
  [     1237.7      431.54]
  [          0           0]
  [       1269      494.08]
  [     1151.4      488.23]
  [     1290.5      567.18]
  [     1134.3      568.57]
  [     1221.4      609.91]
  [     1165.6      617.51]
  [     1252.7      666.76]
  [     1170.3      663.67]
  [     1263.4      806.85]
  [     1170.3      802.76]
  [     1275.2      936.96]
  [     1176.1      929.35]]

 [[     1027.6      417.44]
  [     1039.5      409.46]
  [     1019.1      407.03]
  [     1054.8       423.1]
  [       1002      415.81]
  [     1077.2      490.86]
  [     964.97      486.77]
  [     1101.7      565.85]
  [     935.53      565.79]
  [     1067.3      576.03]
  [     994.42      564.13]
  [     1060.3       665.4]
  [     982.84      664.31]
  [     1058.1       791.7]
  [     961.97      793.26]
  [     1048.9      912.13]
  [     932.57      912.46]]

 [[     924.37      397.29]
  [          0           0]
  [     918.03      382.39]
  [          0           0]
  [     878.88      379.87]
  [     856.99      459.61]
  [      844.6      458.31]
  [     905.39      558.14]
  [     915.03       562.7]
  [          0           0]
  [     977.95      514.84]
  [     861.97      694.72]
  [     851.03      700.21]
  [     863.59       862.2]
  [     850.75      881.49]
  [     853.44      1017.2]
  [     826.95      1052.9]]]