[[[     1056.6       484.8]
  [     1065.5       479.2]
  [     1054.1      478.53]
  [     1088.1      484.12]
  [          0           0]
  [     1123.6      518.88]
  [     1041.9       534.5]
  [     1180.2       546.5]
  [     1032.1      595.75]
  [     1153.4      591.18]
  [     1026.4      651.12]
  [     1111.8      656.59]
  [     1059.1      661.86]
  [     1131.3      754.86]
  [     1074.3      757.15]
  [     1150.4      850.09]
  [     1087.7      850.88]]

 [[     913.07      476.98]
  [     916.29       469.1]
  [     906.52       467.1]
  [          0           0]
  [      878.8      465.43]
  [     881.85      522.56]
  [      848.5      509.48]
  [     883.49      590.67]
  [     827.69      533.21]
  [     908.98      611.56]
  [     856.57      483.96]
  [      882.1      669.78]
  [     861.87      670.16]
  [     865.86      780.13]
  [     862.19      786.27]
  [     864.79      884.42]
  [     849.52       893.6]]]