[[[          0           0]
  [          0           0]
  [          0           0]
  [     101.99      149.82]
  [          0           0]
  [      211.4      356.45]
  [          0           0]
  [     284.02      596.62]
  [          0           0]
  [     270.68      807.36]
  [          0           0]
  [     137.64      889.92]
  [          0           0]
  [          0           0]
  [          0           0]
  [          0           0]
  [          0           0]]

 [[          0           0]
  [          0           0]
  [          0           0]
  [     398.07      520.93]
  [     426.83      521.85]
  [     376.44      557.78]
  [      447.3      559.55]
  [          0           0]
  [     472.53      604.33]
  [          0           0]
  [          0           0]
  [          0           0]
  [      439.2      646.03]
  [          0           0]
  [          0           0]
  [          0           0]
  [          0           0]]]