[[[     287.73       338.2]
  [     307.52      324.81]
  [     269.64      320.38]
  [     328.77       345.9]
  [     235.11      335.96]
  [     358.74      447.81]
  [     181.08       439.9]
  [     397.75      567.97]
  [     125.32      562.34]
  [     397.19      677.09]
  [     101.88      678.65]
  [     315.13      719.89]
  [     197.76       714.7]
  [     318.95      921.73]
  [     160.86      916.78]
  [     276.69        1066]
  [     173.79      1066.2]]

 [[     608.56      380.36]
  [     614.14      366.79]
  [     590.63      368.82]
  [          0           0]
  [      550.2      384.51]
  [     648.56      470.82]
  [      497.6      470.08]
  [     677.89       572.8]
  [     468.95      565.53]
  [     598.38      626.48]
  [     529.82      639.13]
  [     620.07      695.11]
  [     519.41      697.17]
  [     627.63      865.94]
  [      522.8      871.11]
  [     625.99      1032.9]
  [     531.08      1043.6]]

 [[     842.53      389.94]
  [     856.92      376.69]
  [     828.56         378]
  [     882.93       389.1]
  [     810.81      391.99]
  [     917.65      483.21]
  [     783.89       486.9]
  [     950.15      590.65]
  [     758.39      595.69]
  [     953.56      682.57]
  [     780.54       685.9]
  [        898      704.71]
  [     809.83      707.48]
  [     893.45      861.24]
  [     811.77      865.91]
  [     902.83      1004.1]
  [     806.72        1012]]]