[[[     809.12      458.08]
  [      813.9      452.65]
  [     803.91      451.62]
  [          0           0]
  [     789.86      452.04]
  [     827.06      488.26]
  [     765.66      485.95]
  [     843.51       531.6]
  [     744.54      527.96]
  [     832.79      569.44]
  [     773.79      537.51]
  [     813.69      584.21]
  [     773.91      583.52]
  [     812.93      655.24]
  [     771.29      653.97]
  [     809.52       721.7]
  [     769.69      720.28]]

 [[     913.58      472.58]
  [     916.94      466.64]
  [          0           0]
  [     928.52      470.92]
  [          0           0]
  [     934.95      505.17]
  [     952.84      501.63]
  [     905.48       546.3]
  [          0           0]
  [     894.89      515.66]
  [          0           0]
  [     932.29      605.48]
  [     943.71      602.83]
  [     932.87      677.03]
  [     935.47      677.49]
  [     942.94      747.78]
  [     936.86      742.79]]

 [[     893.48      476.79]
  [     898.06      471.46]
  [          0           0]
  [          0           0]
  [          0           0]
  [     922.45      506.12]
  [     875.03      505.54]
  [          0           0]
  [     864.69      548.41]
  [          0           0]
  [     879.36      577.37]
  [     910.97      592.06]
  [     878.28      591.66]
  [     914.22      656.43]
  [     877.75      657.45]
  [     918.28      719.12]
  [     878.16      721.08]]]