[[[     790.93       417.7]
  [     797.18      412.34]
  [     784.48      411.36]
  [          0           0]
  [     771.42      415.94]
  [     815.92      457.92]
  [     747.18      455.39]
  [     832.08      503.81]
  [     727.21      500.13]
  [     824.51      540.15]
  [     761.39      529.26]
  [     801.16      560.08]
  [     757.19      559.78]
  [     801.71      635.96]
  [     756.86      637.84]
  [     795.84       709.9]
  [     756.21      711.47]]

 [[     907.68       433.5]
  [     912.97      427.43]
  [          0           0]
  [     927.89      432.83]
  [          0           0]
  [     927.31      474.41]
  [     942.14      473.17]
  [     911.22      532.04]
  [          0           0]
  [     893.53      576.43]
  [          0           0]
  [     925.97      585.59]
  [     937.01      584.49]
  [     929.27      663.96]
  [     930.69      664.83]
  [     945.19      743.65]
  [     938.59      740.26]]

 [[     882.24      441.12]
  [     887.58      433.44]
  [     875.62      435.78]
  [     899.45      433.99]
  [          0           0]
  [     918.18      470.93]
  [     867.93      475.31]
  [          0           0]
  [     856.73      519.68]
  [          0           0]
  [     857.47      558.65]
  [     911.32      569.64]
  [     877.93      570.22]
  [     911.94      641.03]
  [     872.17      638.24]
  [     912.37      708.68]
  [     869.46       704.7]]]