[[[     901.66      373.81]
  [     909.86      363.42]
  [     891.06      361.28]
  [          0           0]
  [     862.11      362.89]
  [     925.82      433.15]
  [     817.89      424.37]
  [     948.96      514.47]
  [     781.14      504.56]
  [     942.41       578.3]
  [     846.84      547.28]
  [     904.66       605.6]
  [      832.6      602.25]
  [     898.22      732.11]
  [     830.46      729.97]
  [     887.47      845.15]
  [      820.7      847.62]]

 [[     1039.2      403.42]
  [     1047.1       392.6]
  [       1027      396.85]
  [     1060.8      398.44]
  [     1010.6      409.13]
  [     1096.2      458.48]
  [     995.71      465.01]
  [     1123.9      527.01]
  [     965.83       534.7]
  [     1075.8      546.63]
  [     1009.7      548.69]
  [       1078      624.94]
  [     1010.4      625.77]
  [     1091.8      746.54]
  [     1014.9      746.92]
  [     1104.3       857.4]
  [     1028.1      851.86]]

 [[     1102.5      376.75]
  [     1108.5      364.46]
  [          0           0]
  [     1137.1      371.26]
  [          0           0]
  [     1163.3      445.23]
  [     1166.5      439.24]
  [       1154      551.95]
  [          0           0]
  [     1120.1      638.63]
  [          0           0]
  [     1166.5      657.83]
  [     1165.5      652.62]
  [     1167.5       809.9]
  [     1162.3      802.86]
  [     1179.5      951.43]
  [     1163.4      930.62]]]