[[[     910.41      389.97]
  [     917.42      380.68]
  [     900.72      379.69]
  [          0           0]
  [     875.66      381.26]
  [     934.82       439.5]
  [     838.28      435.14]
  [     957.93       509.8]
  [     809.39      506.99]
  [     953.63      567.72]
  [     865.04      545.89]
  [     919.13      593.62]
  [     855.47      593.09]
  [     918.81      707.55]
  [     857.75       706.9]
  [     915.45      809.39]
  [     858.35      810.42]]

 [[     1054.2      413.62]
  [     1062.6      404.37]
  [     1044.7      406.02]
  [     1075.6      410.51]
  [     1030.1      414.98]
  [     1101.3      463.59]
  [     1013.4      469.12]
  [     1124.1      528.03]
  [     994.22      530.11]
  [     1087.4       527.5]
  [     1026.4      513.44]
  [     1087.6      609.72]
  [     1029.5      611.02]
  [     1096.5      720.27]
  [       1036      719.54]
  [     1109.2      811.08]
  [     1048.7      815.21]]

 [[          0           0]
  [          0           0]
  [          0           0]
  [     1121.1      394.32]
  [          0           0]
  [     1154.5       456.2]
  [     1167.2      454.66]
  [     1135.3      550.12]
  [          0           0]
  [     1099.6      612.94]
  [          0           0]
  [     1159.5      637.96]
  [     1164.8      634.06]
  [     1163.6      771.79]
  [     1156.9      766.12]
  [     1175.9      890.17]
  [     1164.2      877.68]]]