[[[     787.28       453.4]
  [     793.25      448.36]
  [     781.85      447.05]
  [     798.77      453.04]
  [     769.69      449.53]
  [     808.44      487.86]
  [     746.26         483]
  [     819.46      530.49]
  [     723.74       524.9]
  [     800.15      538.78]
  [      758.4      533.79]
  [     789.91      576.88]
  [     749.25      575.06]
  [     783.66      647.51]
  [     748.08       647.2]
  [     774.23      714.26]
  [     745.65       715.4]]

 [[     882.68      469.55]
  [     886.72      463.21]
  [          0           0]
  [     901.77      465.88]
  [          0           0]
  [      910.9      502.12]
  [      916.1      500.61]
  [     900.45      554.53]
  [          0           0]
  [     886.44      597.26]
  [          0           0]
  [     908.39      602.04]
  [     912.87      600.36]
  [     907.29      670.05]
  [     907.95      671.13]
  [     916.86      741.76]
  [     913.94      737.73]]

 [[     872.67      471.78]
  [     877.94      466.16]
  [     867.53      466.32]
  [     885.91      469.36]
  [          0           0]
  [     894.03      503.51]
  [     852.04      502.88]
  [          0           0]
  [     841.55      541.44]
  [        888      581.76]
  [     856.52      572.98]
  [     882.94      590.88]
  [     854.58      590.74]
  [     887.53      654.36]
  [     853.01      653.92]
  [     892.05      716.91]
  [     854.94      716.03]]]