[[[     576.83       455.3]
  [     581.01      450.09]
  [     570.42      449.74]
  [          0           0]
  [     555.56      454.73]
  [      596.8      493.72]
  [     532.79      492.36]
  [     612.66      537.85]
  [     511.53      535.72]
  [     594.19      547.48]
  [     548.24      544.23]
  [      584.6      588.91]
  [      543.7      589.03]
  [      581.3      661.01]
  [     545.43      662.11]
  [     575.87      731.03]
  [     548.73      731.74]]

 [[     701.81      478.63]
  [     704.19      471.83]
  [          0           0]
  [     715.73      475.14]
  [          0           0]
  [     730.21      511.66]
  [     730.09       509.1]
  [     722.52      563.36]
  [          0           0]
  [     707.44      605.44]
  [          0           0]
  [     725.59      612.13]
  [     725.34      609.69]
  [     722.44      681.26]
  [     718.69      681.74]
  [     729.72      752.19]
  [     723.49      747.14]]

 [[      676.1      478.77]
  [     681.51      473.15]
  [      671.7      473.18]
  [      690.3      475.58]
  [     665.78      475.66]
  [     703.06      509.93]
  [     652.13      508.57]
  [     711.13      553.67]
  [     637.42      547.89]
  [        701      590.74]
  [     645.86       584.5]
  [     691.53      600.26]
  [      657.9      599.58]
  [     696.07      665.91]
  [      657.5      665.13]
  [     702.83      729.44]
  [     657.62      727.36]]]