[[[     772.22      456.83]
  [          0           0]
  [     766.65      451.54]
  [          0           0]
  [     752.66      456.28]
  [     788.53      494.46]
  [     726.75      491.55]
  [     800.77      535.82]
  [     709.48      533.73]
  [     796.54      564.99]
  [     734.16      560.88]
  [     775.19      586.33]
  [     735.46       585.7]
  [     770.91      655.12]
  [     737.48         655]
  [     766.14      721.76]
  [     736.62      723.46]]

 [[          0           0]
  [     882.22      467.38]
  [          0           0]
  [     892.29      471.57]
  [          0           0]
  [     902.34      511.19]
  [     907.25      508.33]
  [     893.75       565.4]
  [          0           0]
  [     877.93      603.26]
  [          0           0]
  [     900.47      611.19]
  [     903.77      609.12]
  [     900.07      678.89]
  [     898.04      679.44]
  [     910.42      748.77]
  [     903.61      746.15]]

 [[     852.28      477.11]
  [     857.91      471.31]
  [     848.76      471.63]
  [     869.96      474.36]
  [          0           0]
  [     884.25      509.45]
  [      837.9      509.33]
  [          0           0]
  [     824.78      547.82]
  [          0           0]
  [     824.39      585.62]
  [     873.05      595.55]
  [     841.57         595]
  [     879.79      658.85]
  [     841.38      657.54]
  [     889.25      720.95]
  [     839.48      720.22]]]