[[[     780.98      429.44]
  [     787.09      424.05]
  [     773.98       422.6]
  [          0           0]
  [     757.66      426.79]
  [     801.51      470.31]
  [     731.98      464.72]
  [      813.9       518.7]
  [     709.44      512.35]
  [     808.97      557.33]
  [     747.34      539.29]
  [     785.77      573.56]
  [     740.22      571.99]
  [     784.04      653.21]
  [     737.69      652.57]
  [     776.85      727.93]
  [      735.2      729.88]]

 [[     890.93      448.36]
  [     895.09      440.81]
  [          0           0]
  [     913.86      442.78]
  [          0           0]
  [     928.27      482.92]
  [     927.14      480.16]
  [     924.91      540.26]
  [          0           0]
  [     910.95      591.48]
  [          0           0]
  [     922.07      598.05]
  [     923.43      595.57]
  [     919.91       674.3]
  [     918.31      676.42]
  [      929.2      755.86]
  [      923.7      750.31]]

 [[     879.04      449.71]
  [     885.11      443.53]
  [      873.1      443.76]
  [     894.63      447.41]
  [          0           0]
  [     908.62      486.46]
  [      855.8      486.98]
  [          0           0]
  [     840.97      531.51]
  [          0           0]
  [     838.65      575.43]
  [      897.4      584.83]
  [     862.72      584.97]
  [      902.2      654.73]
  [     859.85       654.9]
  [     905.25      724.32]
  [     860.92      722.47]]]