[[[     914.51      409.51]
  [     920.74      400.67]
  [     905.23      400.47]
  [          0           0]
  [      882.5      405.83]
  [     939.57      459.61]
  [     850.14      457.38]
  [     957.18      528.92]
  [     821.24      526.92]
  [      953.8      583.29]
  [     880.99      559.23]
  [      928.5      602.29]
  [     868.36      602.68]
  [     924.35      710.22]
  [     861.37      709.98]
  [     917.41      812.45]
  [     854.83      812.38]]

 [[     1067.4      440.14]
  [     1074.4      430.06]
  [     1058.6      432.78]
  [     1087.6      433.27]
  [     1048.3      440.43]
  [     1109.7      484.85]
  [     1035.4      486.95]
  [          0           0]
  [     1008.5      544.23]
  [          0           0]
  [     1058.6      540.51]
  [     1094.1       621.8]
  [     1040.4      620.02]
  [     1103.5       721.9]
  [     1019.4       716.6]
  [     1097.7      813.42]
  [       1013      810.76]]

 [[          0           0]
  [     1094.7      410.18]
  [          0           0]
  [     1111.4       416.3]
  [          0           0]
  [     1131.4      478.26]
  [     1149.5      476.36]
  [     1116.2      570.27]
  [          0           0]
  [     1102.6      642.07]
  [          0           0]
  [     1136.8      651.01]
  [     1146.9      648.38]
  [     1141.7       775.5]
  [     1140.8       771.2]
  [     1150.9      881.23]
  [     1142.1      873.57]]]