[[[     814.71      456.24]
  [     819.95      451.23]
  [     808.92      450.27]
  [          0           0]
  [     795.98      453.58]
  [     835.42         491]
  [     773.52      488.21]
  [      849.4      534.24]
  [     754.99      528.89]
  [     842.89      569.97]
  [     788.03      541.47]
  [     822.05       585.4]
  [     782.15      584.95]
  [     822.04      655.37]
  [      784.1      656.69]
  [     823.27      722.84]
  [        786      723.61]]

 [[          0           0]
  [          0           0]
  [          0           0]
  [     943.03      471.12]
  [          0           0]
  [     948.04      509.57]
  [     971.16      505.54]
  [     924.64      556.63]
  [          0           0]
  [     915.47      533.54]
  [          0           0]
  [     944.11      607.97]
  [     959.44      604.95]
  [      945.2      677.29]
  [     949.69      676.73]
  [     959.16       748.4]
  [     953.87      744.26]]

 [[     913.27       475.9]
  [      918.5      469.91]
  [      908.7      470.44]
  [          0           0]
  [          0           0]
  [     939.54      507.86]
  [     892.94      507.86]
  [          0           0]
  [     881.03      548.49]
  [          0           0]
  [     899.51      577.32]
  [     932.56      592.32]
  [      900.2       592.1]
  [     932.81      658.24]
  [        895       657.7]
  [     939.74      718.68]
  [     890.74       720.3]]]