[[[     909.36      416.16]
  [     915.13      408.12]
  [     900.82      406.76]
  [          0           0]
  [     878.02         409]
  [     929.98      462.85]
  [     842.89      457.86]
  [     950.65      525.38]
  [      818.1      523.66]
  [      945.1      576.23]
  [     869.91      555.81]
  [      917.5      597.44]
  [     859.07      596.33]
  [      918.6      699.13]
  [     860.07      698.31]
  [      915.1      793.38]
  [     853.09      795.93]]

 [[     1032.7      435.28]
  [     1039.9      426.59]
  [     1023.5      428.52]
  [     1051.6      431.67]
  [     1011.2      436.51]
  [       1070      481.44]
  [     995.18      485.08]
  [     1083.4      540.77]
  [     979.35      538.59]
  [     1069.6      542.07]
  [       1028      519.52]
  [     1059.6      608.81]
  [     1008.7      610.91]
  [     1072.2      706.91]
  [     1003.8      707.45]
  [       1080      799.19]
  [     1004.2      798.52]]

 [[          0           0]
  [     1079.1      419.72]
  [          0           0]
  [     1091.8      425.92]
  [          0           0]
  [     1112.1      483.88]
  [       1132       476.1]
  [     1099.8      568.65]
  [          0           0]
  [     1083.1      636.32]
  [          0           0]
  [     1117.2      642.66]
  [     1129.6      637.22]
  [       1120      755.12]
  [     1122.7      747.23]
  [     1127.6      855.64]
  [     1122.1      844.56]]]