[[[      918.6      409.99]
  [     924.84      401.15]
  [     909.26      399.88]
  [          0           0]
  [      885.6      402.11]
  [     942.57      459.97]
  [     850.53      455.05]
  [     962.81      526.76]
  [     821.11      524.65]
  [     959.64      582.78]
  [     877.45      559.98]
  [        929      605.24]
  [     868.12         605]
  [     925.07      712.55]
  [     865.44      713.27]
  [     918.55      812.22]
  [     857.71      812.61]]

 [[     1066.3      442.04]
  [       1076      433.39]
  [     1059.4      433.71]
  [     1095.1       437.5]
  [          0           0]
  [     1114.1      484.67]
  [     1036.5      483.97]
  [          0           0]
  [     1020.5      538.69]
  [          0           0]
  [     1065.7      540.52]
  [     1097.8      621.21]
  [     1045.7       620.3]
  [     1103.7      723.87]
  [     1033.6       722.6]
  [       1105      817.25]
  [     1042.6      814.29]]

 [[          0           0]
  [          0           0]
  [          0           0]
  [     1110.7      417.02]
  [          0           0]
  [     1136.1      478.22]
  [       1155       470.9]
  [     1122.3      573.16]
  [          0           0]
  [     1102.3      639.49]
  [          0           0]
  [     1141.4       653.1]
  [     1151.7      647.96]
  [     1147.9      779.01]
  [     1143.4      771.38]
  [     1157.4      888.32]
  [     1140.3      877.87]]]