[[[     947.89      423.26]
  [     952.94      416.25]
  [     940.42      414.51]
  [          0           0]
  [     917.85      416.29]
  [     968.72      467.78]
  [     883.94      464.46]
  [     988.65      523.96]
  [     863.48      524.44]
  [     981.68      573.57]
  [     907.16      556.83]
  [     954.43      594.47]
  [     899.86       594.2]
  [     951.47      689.55]
  [     898.28      690.08]
  [     944.53      778.41]
  [     896.05      779.32]]

 [[     1056.6      445.95]
  [     1064.7       437.8]
  [     1048.3      439.51]
  [     1079.5      440.86]
  [     1038.8       445.3]
  [     1099.4      481.86]
  [     1026.7      486.41]
  [     1108.2      534.25]
  [     1009.6      535.88]
  [     1080.3      518.74]
  [     1047.7      517.31]
  [     1089.7       602.2]
  [     1040.3      604.38]
  [     1098.9      695.78]
  [     1035.4      698.02]
  [     1106.4      779.88]
  [       1036      782.25]]

 [[     1096.6      433.92]
  [     1099.7      425.28]
  [          0           0]
  [     1115.8      430.62]
  [          0           0]
  [     1127.5      483.66]
  [     1146.8      479.24]
  [     1119.2      563.74]
  [          0           0]
  [     1102.6      628.68]
  [          0           0]
  [     1134.9      631.17]
  [     1149.8      628.34]
  [     1140.2      736.09]
  [     1143.6      734.16]
  [     1151.3      835.35]
  [     1148.5      829.55]]]