[[[          0           0]
  [          0           0]
  [          0           0]
  [          0           0]
  [      386.2      541.49]
  [     306.52      565.43]
  [      402.3      563.72]
  [     264.03      613.93]
  [     427.48      610.79]
  [     286.01      661.56]
  [     381.35      645.66]
  [     321.37      676.36]
  [     386.16      674.43]
  [     332.05      753.05]
  [     401.83      736.27]
  [     345.62      829.76]
  [     424.91      798.92]]

 [[     716.94      547.33]
  [     721.24      543.27]
  [     713.98      543.76]
  [     732.63      545.24]
  [          0           0]
  [     748.01      572.24]
  [     706.44      572.82]
  [     760.89      604.84]
  [     701.57      604.66]
  [     767.56      631.67]
  [     691.69      632.73]
  [      736.7      639.56]
  [     708.85      639.35]
  [     735.49      691.53]
  [      703.4       691.6]
  [     733.98      741.26]
  [     701.58      742.97]]]