[[[          0           0]
  [          0           0]
  [          0           0]
  [     437.92      508.81]
  [          0           0]
  [     408.38      555.49]
  [     535.53      556.48]
  [     363.58      641.43]
  [     573.98      637.72]
  [     340.98      719.03]
  [     533.47      674.84]
  [     433.49      739.37]
  [     517.26      737.64]
  [     401.42       839.8]
  [     483.75      833.67]
  [     438.35         979]
  [     490.37      959.52]]

 [[     677.03      549.18]
  [      681.1      545.13]
  [     673.24      545.54]
  [     690.36      546.23]
  [     668.73      547.48]
  [     704.74      569.36]
  [     665.11      572.33]
  [     717.58      597.66]
  [     659.31      603.58]
  [     706.81      625.51]
  [     649.44      630.48]
  [     699.37      637.01]
  [     674.95      637.43]
  [     696.86      689.28]
  [     682.73      686.59]
  [     703.17      739.57]
  [     697.85       733.9]]]