[[[          0           0]
  [          0           0]
  [          0           0]
  [     1278.7      469.82]
  [          0           0]
  [     1225.2      557.89]
  [     1438.9      574.05]
  [     1134.6      663.04]
  [     1489.9      723.79]
  [     1143.4      765.71]
  [     1448.4      808.49]
  [     1239.9      853.18]
  [     1382.2      860.06]
  [     1240.8      1026.3]
  [          0           0]
  [          0           0]
  [          0           0]]

 [[     802.59      535.63]
  [      808.8      528.79]
  [     795.34      528.87]
  [     817.29      531.55]
  [     783.12      530.94]
  [     830.41      570.81]
  [     764.78       568.3]
  [     845.82      614.57]
  [     744.93      610.16]
  [     866.86      623.15]
  [     746.07      615.77]
  [     817.11      674.61]
  [      773.9      673.69]
  [     815.68      752.46]
  [     764.85      751.41]
  [     810.03      826.56]
  [     761.45      824.86]]]