[[[          0           0]
  [          0           0]
  [          0           0]
  [          0           0]
  [     431.28      546.91]
  [      357.3      561.54]
  [     446.63      567.66]
  [      324.4      606.62]
  [     466.91      613.83]
  [     341.42      653.88]
  [     424.84      639.44]
  [      356.7      671.63]
  [     416.19      674.29]
  [     353.59      737.42]
  [     414.16      735.99]
  [     352.16       812.7]
  [     407.88      805.75]]

 [[     723.61      547.56]
  [     727.43       543.7]
  [     719.99      543.92]
  [     735.65      545.84]
  [     715.28      546.19]
  [     749.49      571.95]
  [      708.1      572.47]
  [     761.41      603.22]
  [     701.29      603.13]
  [     765.49      630.15]
  [     693.17      632.93]
  [     739.91      640.46]
  [     712.36      640.16]
  [     736.14      692.22]
  [     704.38      693.41]
  [     734.93      741.61]
  [     700.94       743.4]]]