[[[     995.07       529.5]
  [     1002.5         522]
  [     987.33      522.94]
  [     1016.2      524.14]
  [     976.19       526.5]
  [     1037.2       567.2]
  [     960.07      571.09]
  [     1062.1      618.66]
  [     940.82      627.76]
  [     1057.5      674.37]
  [        948      681.52]
  [       1028      688.59]
  [      976.3       690.7]
  [     1051.7      776.55]
  [     993.04      772.34]
  [     1074.3      861.61]
  [     998.46      851.24]]

 [[     811.66      536.01]
  [     813.02      529.66]
  [     805.55      528.21]
  [          0           0]
  [     783.81      528.69]
  [      793.2      571.52]
  [      759.2      565.75]
  [     800.74      626.74]
  [     753.02      618.09]
  [     832.57      635.15]
  [      799.2      629.73]
  [      784.8       676.4]
  [     763.98      677.58]
  [     791.89      759.02]
  [     773.82      763.77]
  [      771.6      839.89]
  [     764.45      852.15]]]