[[[          0           0]
  [          0           0]
  [          0           0]
  [          0           0]
  [     406.68      536.88]
  [     317.35      558.95]
  [     405.61      569.21]
  [      285.8      610.25]
  [     413.54      618.18]
  [     295.62       661.8]
  [     366.36      656.95]
  [     315.25      679.41]
  [     372.33      683.89]
  [     331.64      764.62]
  [     372.68      770.22]
  [     351.59      847.84]
  [     360.62      854.37]]

 [[     716.41      548.82]
  [     720.45      544.59]
  [     713.15         545]
  [      730.5      545.82]
  [     710.12      547.03]
  [     744.37       571.3]
  [     705.29      572.11]
  [     757.14      601.09]
  [     699.72      602.42]
  [     755.19      626.26]
  [     692.41      628.77]
  [     735.45      635.75]
  [     710.87       635.4]
  [     735.89      686.24]
  [     718.82      683.88]
  [      737.8      735.35]
  [     726.02      731.95]]]