[[[     997.43      516.75]
  [     1007.4      507.79]
  [     988.67      506.95]
  [     1022.3      513.07]
  [     974.25       510.4]
  [     1049.8      572.67]
  [     949.91      563.86]
  [       1074      642.05]
  [     926.77      623.43]
  [     1056.9      711.35]
  [     946.14      662.18]
  [     1020.8      723.21]
  [        955      715.63]
  [     1012.2      835.64]
  [     940.84      815.68]
  [     1005.8      929.45]
  [     949.84      895.59]]

 [[     642.27      551.85]
  [     645.98      548.02]
  [     638.47      547.77]
  [     651.31      549.48]
  [     631.24      548.36]
  [     660.18      572.16]
  [      619.7      570.69]
  [     671.08      600.92]
  [     608.34      598.41]
  [     678.95      627.59]
  [     602.58      622.75]
  [     652.35      632.18]
  [     626.65      631.54]
  [      651.6      678.36]
  [     624.07      677.05]
  [     648.44      722.55]
  [      628.6      720.15]]]