[[[     992.94      490.41]
  [     1004.7      476.96]
  [     990.24      477.65]
  [     1049.5      479.83]
  [          0           0]
  [     1117.5      567.67]
  [     988.55      564.19]
  [     1162.6      670.33]
  [      952.4      655.04]
  [     1151.5      777.69]
  [     947.41      745.21]
  [     1074.7      796.78]
  [     988.29      789.15]
  [     1067.5      949.24]
  [     961.25      938.05]
  [       1046      1062.7]
  [     933.34      1050.2]]

 [[     648.11      516.01]
  [     654.51      504.71]
  [     635.49      502.85]
  [          0           0]
  [     598.26      496.17]
  [     636.05      560.31]
  [     561.72      559.86]
  [     643.01      635.12]
  [     536.91      648.95]
  [     690.64      622.17]
  [     633.54      630.48]
  [     637.13       742.8]
  [     588.99      750.68]
  [     620.91      871.69]
  [      578.1      894.96]
  [     581.17      992.53]
  [     530.77      1029.1]]]