[[[       1043      500.91]
  [     1054.5      489.69]
  [     1030.9      489.85]
  [     1073.3      495.52]
  [     1011.8       495.1]
  [       1108      569.35]
  [     981.16      564.35]
  [     1145.7      654.12]
  [     938.95      639.59]
  [     1130.1      734.89]
  [     944.57      716.39]
  [     1074.6         761]
  [     990.71      755.83]
  [     1056.1      893.32]
  [     962.84      883.63]
  [     1039.7      1005.6]
  [     939.17      989.99]]

 [[     673.97      462.97]
  [     686.89      450.13]
  [     655.94      446.98]
  [          0           0]
  [     615.41      456.86]
  [     703.09      561.58]
  [     553.79      545.06]
  [     702.93         672]
  [     486.09      651.88]
  [     750.19      677.12]
  [     539.37      670.82]
  [     679.53      807.71]
  [     576.99      806.52]
  [     674.11       992.3]
  [     544.86      1001.8]
  [          0           0]
  [          0           0]]]