[[[     1013.3      534.18]
  [       1020      525.57]
  [          0           0]
  [     1045.2      523.09]
  [          0           0]
  [     1084.7      574.49]
  [     1024.5      567.98]
  [     1105.4      639.88]
  [          0           0]
  [     1083.5      705.01]
  [          0           0]
  [     1052.1      708.26]
  [     1011.6       699.3]
  [     1051.1      801.09]
  [     992.18      779.04]
  [     1050.4      891.77]
  [     1007.5      858.33]]

 [[      689.3      541.71]
  [     693.62      537.09]
  [     684.08      537.23]
  [     700.11      540.59]
  [     675.35       540.6]
  [     712.79      570.79]
  [     661.17      569.36]
  [     722.76      608.81]
  [     644.27      602.39]
  [     725.11      642.56]
  [        633      635.56]
  [      702.5      646.66]
  [     669.77      646.62]
  [     707.07      704.22]
  [     672.33      705.44]
  [     702.96      758.72]
  [      682.7      761.52]]]