[[[     708.37      359.53]
  [     721.44      332.42]
  [     670.38      313.31]
  [          0           0]
  [     546.91      321.12]
  [     607.55      552.14]
  [     429.35       490.3]
  [     569.31      811.95]
  [     48.608      823.09]
  [     727.03      769.74]
  [     388.27      1000.8]
  [          0           0]
  [          0           0]
  [          0           0]
  [          0           0]
  [          0           0]
  [          0           0]]

 [[     1032.4      499.61]
  [     1045.4      488.65]
  [     1021.3      488.24]
  [     1069.2      495.42]
  [     1005.6      493.57]
  [       1105      568.46]
  [     976.23      564.18]
  [     1142.2      653.96]
  [     934.28      641.35]
  [     1140.9      740.02]
  [     942.16      724.26]
  [     1074.6      766.38]
  [     988.53       762.6]
  [     1054.5      899.39]
  [     954.12      897.05]
  [     1037.4      1012.6]
  [     924.32      1010.7]]]