[[[     715.37       519.5]
  [      716.1       512.5]
  [     707.49      511.48]
  [          0           0]
  [     677.73      514.09]
  [     702.03      568.17]
  [     632.27      557.07]
  [     709.24      628.09]
  [     594.54      614.28]
  [     745.59       648.8]
  [     638.72      653.85]
  [     686.88      706.43]
  [     640.64      704.01]
  [     684.65      810.18]
  [     617.34      808.72]
  [     654.01      900.18]
  [      598.7      899.48]]

 [[     979.59      495.18]
  [     989.96      482.22]
  [     978.27      483.62]
  [     1033.4      482.17]
  [          0           0]
  [     1103.4      564.22]
  [     988.46      560.68]
  [     1162.9      671.48]
  [     981.84      644.82]
  [     1151.4      779.82]
  [     971.05      704.68]
  [     1067.8      793.74]
  [     989.78      786.85]
  [     1062.5      943.33]
  [     956.55      939.14]
  [     1048.5        1061]
  [     932.45      1053.7]]]