[[[     676.31      458.38]
  [     693.87      444.44]
  [     658.19         440]
  [     702.82      463.39]
  [     614.58      452.77]
  [     714.72      563.53]
  [     543.36      551.29]
  [     716.09       693.9]
  [     454.85      678.41]
  [     754.46      695.69]
  [     507.58      677.57]
  [     686.28      829.59]
  [     569.49      830.06]
  [     677.86      1024.3]
  [      533.7      1026.7]
  [          0           0]
  [          0           0]]

 [[       1025      500.65]
  [     1038.8      489.99]
  [     1016.2       488.9]
  [     1067.8       496.9]
  [          0           0]
  [     1107.2      571.01]
  [     983.61      564.23]
  [     1145.6      656.15]
  [     941.51      639.93]
  [     1140.8      741.71]
  [     945.61      717.68]
  [     1072.8      762.94]
  [     990.99      756.14]
  [     1056.4       895.2]
  [     964.88      881.77]
  [     1043.1      1009.7]
  [     940.86      989.91]]]