[[[          0           0]
  [          0           0]
  [          0           0]
  [          0           0]
  [     287.59      527.92]
  [     179.41      564.36]
  [      299.9       559.5]
  [     131.34      633.02]
  [     327.85      616.99]
  [     147.71      693.65]
  [     266.99       674.2]
  [     189.21      708.56]
  [     271.87      706.39]
  [      218.8      802.65]
  [     321.93      784.47]
  [     225.37      908.23]
  [     321.96      878.41]]

 [[     716.21      553.26]
  [     720.95      549.01]
  [     712.62      548.29]
  [     728.11      548.47]
  [      705.8      546.81]
  [     737.95      570.76]
  [     694.04      567.23]
  [     750.67      602.07]
  [     681.58       597.5]
  [     753.84      621.63]
  [     677.57      627.26]
  [     722.75      638.98]
  [     695.27      636.38]
  [     715.71      692.72]
  [     691.66      685.83]
  [     715.22      743.89]
  [     704.16      736.44]]]