[[[     662.03      530.13]
  [     666.24       523.2]
  [     652.76      524.18]
  [          0           0]
  [     636.34      529.78]
  [      682.9       572.7]
  [     614.14      572.66]
  [     701.54      622.05]
  [     587.41      620.08]
  [     719.66      631.61]
  [     558.76      662.73]
  [     671.82      680.69]
  [     625.86      684.56]
  [     683.84      750.09]
  [     620.78      769.83]
  [        677      807.54]
  [     613.47      845.57]]

 [[      920.4      494.27]
  [     927.44      481.52]
  [          0           0]
  [     965.17      479.49]
  [          0           0]
  [     1030.5      557.74]
  [     951.35      558.31]
  [       1083      665.18]
  [          0           0]
  [     1063.6      776.26]
  [          0           0]
  [     1003.9      784.16]
  [     948.61       780.3]
  [     1026.3      928.03]
  [     935.21      920.89]
  [     1046.5      1060.3]
  [     942.87      1049.9]]]