[[[     644.29      442.06]
  [     664.58      426.73]
  [     622.31      419.37]
  [     676.35      452.33]
  [     571.98      435.64]
  [     688.57      563.94]
  [     479.65      545.05]
  [      688.6      697.38]
  [     367.49      671.86]
  [     710.13      715.31]
  [     369.16       687.7]
  [     661.75      873.67]
  [     513.94       870.6]
  [          0           0]
  [          0           0]
  [          0           0]
  [          0           0]]

 [[     1028.2       500.6]
  [     1042.1      489.84]
  [     1018.5      488.83]
  [     1069.5      496.96]
  [     1006.5      493.89]
  [     1106.9      571.12]
  [     982.69       564.4]
  [     1145.5      656.79]
  [     941.44       640.3]
  [     1140.4      742.86]
  [     945.94      718.17]
  [     1073.2      762.78]
  [     991.03      756.25]
  [     1056.2      894.63]
  [     964.77      881.99]
  [     1042.9      1008.3]
  [     940.42      989.31]]]