[[[     1005.1      480.59]
  [     1018.8      468.66]
  [     1002.8      467.77]
  [     1063.4      477.63]
  [          0           0]
  [     1125.7      569.15]
  [     992.88      561.52]
  [     1169.5      675.95]
  [     955.78      654.31]
  [     1159.3      783.66]
  [     950.75      742.83]
  [     1080.5      797.61]
  [     991.56      788.69]
  [     1068.9      950.79]
  [      961.7      939.82]
  [       1047      1062.6]
  [     933.44      1050.5]]

 [[     674.17      484.94]
  [     671.85      473.85]
  [     660.93      474.39]
  [          0           0]
  [        617      482.98]
  [     633.75      552.68]
  [     581.49       555.2]
  [     628.54      630.17]
  [     548.27      631.15]
  [     681.75      623.37]
  [     611.43      605.71]
  [      636.1       756.7]
  [     599.14      764.41]
  [     640.75      895.03]
  [     591.46      915.77]
  [     613.89      1018.7]
  [     530.76      1048.4]]]