[[[     1014.8      499.65]
  [     1026.9      489.07]
  [     1003.4      488.67]
  [     1045.8      496.34]
  [     985.34      494.88]
  [     1077.8      565.21]
  [     955.91      562.02]
  [     1134.4         633]
  [     911.39      628.83]
  [     1123.3      714.26]
  [     911.86      702.71]
  [     1048.2      756.25]
  [     969.24      751.42]
  [     1039.7      890.11]
  [     956.65         877]
  [     1043.2        1010]
  [     937.83      986.14]]

 [[     659.58      505.64]
  [     669.31      497.66]
  [      648.7      495.55]
  [     678.75      507.73]
  [     627.45      501.82]
  [     693.46      565.75]
  [     594.54      566.19]
  [      722.3      630.36]
  [     566.51       634.5]
  [     744.29      681.54]
  [     539.95      702.36]
  [     671.68      724.48]
  [     607.07      729.32]
  [      673.4      827.93]
  [     597.32      856.67]
  [     655.77      920.18]
  [     589.07      968.64]]]