[[[     996.85      525.26]
  [     1005.9      516.84]
  [     988.75      517.43]
  [     1023.4      520.07]
  [     977.89      521.24]
  [     1049.9      570.33]
  [     962.11      571.92]
  [     1074.2      637.17]
  [     948.61      630.97]
  [       1064      696.34]
  [     962.86      660.27]
  [     1031.2      707.81]
  [     970.25      707.72]
  [     1039.9      803.37]
  [     959.71      803.53]
  [     1046.7      893.11]
  [     950.34      888.74]]

 [[     666.02      544.69]
  [     670.24      540.46]
  [     661.43      540.33]
  [     675.86      543.77]
  [     652.82      542.91]
  [     686.52      570.85]
  [     639.19      569.04]
  [     699.97      602.65]
  [     626.93      600.05]
  [     706.19      633.12]
  [     626.62      629.54]
  [     677.38      640.96]
  [     645.61      639.64]
  [     678.73      695.17]
  [     636.28      692.44]
  [     674.81      743.42]
  [     629.02      738.76]]]