[[[     993.76      528.98]
  [     1002.5      520.88]
  [      989.3      521.13]
  [     1024.2      522.09]
  [          0           0]
  [     1053.8      571.79]
  [     976.68      569.34]
  [     1076.5      629.37]
  [     962.16      625.72]
  [     1067.6      685.87]
  [     960.05      678.86]
  [     1034.4      697.43]
  [      984.4      692.74]
  [     1042.5      795.63]
  [     997.91      775.65]
  [     1049.1      879.37]
  [     1005.4      850.03]]

 [[     737.84      546.89]
  [     742.65      541.72]
  [     732.19      540.14]
  [          0           0]
  [     717.15      540.21]
  [     741.93      578.98]
  [     693.23      569.99]
  [     744.93      623.69]
  [     663.25      602.97]
  [     754.03      660.94]
  [      667.9      641.27]
  [     724.83      666.09]
  [     693.65       664.6]
  [     723.71      727.54]
  [     689.54      734.91]
  [     717.96      786.51]
  [     681.44      803.77]]]