[[[     1025.2      500.09]
  [     1039.3      489.84]
  [     1017.2      488.29]
  [       1069      497.55]
  [          0           0]
  [     1108.3      571.39]
  [     984.55      563.58]
  [     1146.2      655.14]
  [     940.59      638.36]
  [     1139.6      739.09]
  [     944.76      717.01]
  [     1073.2      762.11]
  [     991.42      754.86]
  [     1056.4      894.64]
  [      964.9       880.8]
  [       1042      1009.4]
  [     940.06      989.41]]

 [[     681.04       457.4]
  [     693.07      443.78]
  [     661.09       442.3]
  [          0           0]
  [     619.32      456.61]
  [     711.08      558.41]
  [     562.44      549.01]
  [        698      674.33]
  [     495.23      665.44]
  [      732.2      680.37]
  [      574.8      679.63]
  [     685.07      812.49]
  [      582.2      814.45]
  [     673.57      1006.9]
  [     551.43      1022.3]
  [          0           0]
  [          0           0]]]