[[[          0           0]
  [          0           0]
  [          0           0]
  [     825.89      487.46]
  [          0           0]
  [     813.83      567.85]
  [     919.97      556.06]
  [     782.69      678.67]
  [     951.04      646.45]
  [     774.28      773.36]
  [      919.9      697.68]
  [     817.64       781.4]
  [     893.32      773.25]
  [     812.05      929.89]
  [     902.41      911.87]
  [     807.74      1075.1]
  [     940.94      1043.3]]

 [[     690.21      543.93]
  [     694.57      539.39]
  [     685.88      539.25]
  [     701.56      541.91]
  [     677.17      541.61]
  [     714.71       567.8]
  [     661.52      567.97]
  [     735.95      597.58]
  [     649.04      595.49]
  [     708.82       594.9]
  [     668.68      596.24]
  [     702.03      643.09]
  [      666.2      643.63]
  [     702.38      701.24]
  [     663.15      706.21]
  [     702.35      755.35]
  [     659.16      764.88]]]