[[[     919.13      330.24]
  [     925.15      316.49]
  [     903.21      314.41]
  [          0           0]
  [     855.25      319.23]
  [     938.46      418.31]
  [      787.5      401.45]
  [     1008.5       468.4]
  [      678.3      410.66]
  [     1037.1      431.48]
  [     641.03      356.79]
  [     899.67      663.75]
  [     811.58      659.71]
  [     864.78      842.85]
  [     812.29      844.26]
  [     836.72      992.73]
  [      803.3        1014]]

 [[     1588.9      180.32]
  [       1613      157.84]
  [     1569.6      162.51]
  [     1657.6      177.31]
  [     1549.1      187.71]
  [     1722.7      323.25]
  [     1507.8      331.09]
  [     1786.7      491.37]
  [     1463.5      501.22]
  [       1750      651.09]
  [     1448.6      637.82]
  [     1664.6      652.67]
  [     1527.9      649.21]
  [       1658      878.72]
  [     1529.7       865.6]
  [     1659.5      1060.2]
  [     1534.4        1043]]

 [[     1268.2      254.01]
  [     1287.5      236.58]
  [     1258.9      237.75]
  [     1333.3      247.59]
  [          0           0]
  [     1381.5      359.33]
  [     1217.6      356.43]
  [     1404.7      492.69]
  [     1175.4      480.31]
  [     1349.9      606.38]
  [     1163.6      585.06]
  [       1322      620.57]
  [       1214      614.44]
  [     1319.5      799.76]
  [     1197.5      791.09]
  [     1313.8      964.88]
  [     1209.6      940.91]]]