[[[     1476.7      214.79]
  [     1499.6      193.14]
  [     1469.8      196.49]
  [     1564.3      205.12]
  [          0           0]
  [     1616.7      338.29]
  [     1453.9      345.07]
  [     1662.1      503.33]
  [     1410.9       504.2]
  [     1599.2      652.33]
  [     1390.7      630.97]
  [     1563.8      654.35]
  [     1457.4      651.95]
  [     1584.9       859.6]
  [     1481.9      849.84]
  [     1622.9      1040.9]
  [     1510.4      1026.7]]

 [[     1222.9      263.21]
  [     1236.3         243]
  [     1215.4      250.49]
  [     1286.8      245.99]
  [          0           0]
  [     1346.3      358.88]
  [     1198.7      364.68]
  [     1364.6      495.18]
  [     1162.3      485.43]
  [     1317.7      605.72]
  [     1154.3      583.92]
  [     1296.6      618.53]
  [       1195      616.63]
  [     1299.7      796.52]
  [     1196.7       780.8]
  [     1300.2      956.22]
  [     1196.7      928.29]]

 [[     943.75      301.17]
  [     946.34      287.26]
  [     925.38       285.7]
  [          0           0]
  [     873.63      299.65]
  [      952.2      413.75]
  [     821.63      405.31]
  [     973.93      540.38]
  [     804.54       548.4]
  [      983.9       641.6]
  [     837.18      667.34]
  [     939.45      670.93]
  [     853.38      670.97]
  [     921.19      848.38]
  [      838.6      853.66]
  [     906.53      996.12]
  [     814.38      1017.1]]]