[[[     1552.8      381.22]
  [     1561.6      372.13]
  [     1543.5      372.66]
  [     1571.1      378.77]
  [     1526.6      380.89]
  [     1594.9      434.93]
  [     1504.5      438.97]
  [     1607.8      505.14]
  [     1486.2      506.44]
  [       1573      563.05]
  [     1482.8      560.37]
  [     1565.1      577.64]
  [     1505.8      576.13]
  [     1568.6      673.07]
  [     1516.7      673.35]
  [     1573.7      767.59]
  [     1521.8      755.49]]

 [[     1359.1      422.76]
  [       1357      416.35]
  [       1351      417.16]
  [          0           0]
  [     1324.8      425.54]
  [     1358.3      471.17]
  [     1295.2      474.25]
  [     1368.9      529.69]
  [     1284.9      542.12]
  [     1374.8      583.47]
  [     1302.8      597.34]
  [     1349.8       596.7]
  [     1307.3      599.18]
  [     1341.3      685.09]
  [     1298.3      686.63]
  [     1332.3      763.75]
  [     1284.7      766.66]]

 [[     1655.5      369.99]
  [     1664.7      359.43]
  [          0           0]
  [     1698.9      364.12]
  [          0           0]
  [       1730      423.42]
  [     1668.7      431.31]
  [     1725.1      512.92]
  [     1642.4      512.96]
  [     1653.6      566.21]
  [     1606.1      558.75]
  [     1695.4      586.54]
  [     1651.1      586.55]
  [     1701.6      693.09]
  [     1657.7      689.47]
  [     1707.6      798.49]
  [     1655.8       783.4]]]