[[[     1491.4      204.55]
  [     1514.9      182.53]
  [     1483.3      185.56]
  [     1577.5      195.36]
  [          0           0]
  [     1632.1      331.96]
  [     1461.8      339.46]
  [       1680      497.61]
  [     1421.7      501.64]
  [     1615.6      649.79]
  [     1400.3      629.15]
  [     1577.7      654.92]
  [     1467.1      652.28]
  [     1601.5      865.22]
  [     1492.4       855.1]
  [     1634.1      1044.6]
  [     1522.5      1031.3]]

 [[     1220.4      254.18]
  [     1235.8      235.35]
  [     1212.5      241.55]
  [     1285.1      242.59]
  [          0           0]
  [       1336      356.42]
  [     1191.3      359.03]
  [     1352.3      495.66]
  [     1155.6      482.16]
  [     1301.5      605.55]
  [     1143.9      582.85]
  [     1283.5      616.17]
  [     1183.6      613.88]
  [     1296.1      798.29]
  [     1197.4      783.04]
  [     1305.7      960.55]
  [     1204.4      932.03]]

 [[     945.21      297.28]
  [     947.95      282.59]
  [     926.97      281.21]
  [          0           0]
  [     875.66      294.35]
  [     948.02      407.34]
  [     822.85      403.79]
  [      971.1      539.93]
  [     810.29      549.15]
  [     985.24      648.21]
  [     853.66      670.76]
  [     942.99      674.25]
  [     857.08      675.41]
  [     921.71      851.03]
  [     837.77      859.15]
  [     906.95      997.77]
  [     817.05      1026.9]]]