[[[     1335.4      305.39]
  [     1351.1       291.6]
  [       1333      291.43]
  [     1395.3      302.58]
  [          0           0]
  [     1429.6       395.7]
  [       1325      393.46]
  [     1446.5      514.03]
  [     1300.9      512.22]
  [     1404.5      612.28]
  [     1285.2      604.87]
  [     1392.7      614.04]
  [     1321.3      611.91]
  [     1406.6       758.1]
  [     1346.4      755.45]
  [     1426.1      898.96]
  [     1359.4      884.39]]

 [[     1151.1       330.3]
  [     1163.1      317.73]
  [     1147.4      319.57]
  [     1198.8      323.82]
  [          0           0]
  [       1234      401.11]
  [     1138.7      407.38]
  [     1249.9      500.65]
  [     1114.8      498.67]
  [     1215.8      583.05]
  [     1114.5      570.69]
  [     1204.4      592.88]
  [     1140.8      593.43]
  [     1215.1      728.68]
  [       1152      724.53]
  [     1227.8       848.7]
  [     1168.6      836.72]]

 [[     960.45      369.13]
  [     962.88      358.01]
  [     949.36      356.35]
  [          0           0]
  [     911.56       361.5]
  [     961.05      442.63]
  [     870.95      441.22]
  [     979.91      531.93]
  [     864.53      542.54]
  [     985.47      601.85]
  [      890.5      625.04]
  [     958.12      629.93]
  [     895.39      630.24]
  [     941.39      756.12]
  [     887.11      761.03]
  [     935.86      863.68]
  [     869.79      879.31]]]