[[[     1184.7      306.39]
  [     1194.1      294.05]
  [       1171         297]
  [     1206.9      306.64]
  [     1149.2      314.09]
  [     1243.1       392.9]
  [     1120.6      397.01]
  [     1266.8      497.49]
  [     1093.3      498.75]
  [     1235.3      585.45]
  [     1094.9      582.48]
  [     1214.6      600.57]
  [     1132.9       601.1]
  [     1228.3      745.07]
  [     1146.3      739.84]
  [     1239.7         874]
  [     1159.5      863.49]]

 [[     1381.3      286.22]
  [     1396.1      269.19]
  [       1380      270.84]
  [     1446.9      276.27]
  [          0           0]
  [     1493.2      381.94]
  [     1386.6         385]
  [     1508.3      513.46]
  [     1360.3       509.7]
  [     1459.6      623.11]
  [       1337      609.04]
  [     1446.2      622.42]
  [     1373.3      618.11]
  [     1459.1      785.44]
  [       1387      776.12]
  [     1471.5      939.49]
  [     1392.1      920.51]]

 [[      957.6      361.06]
  [     959.08       349.2]
  [     947.19      347.67]
  [          0           0]
  [     905.64      350.33]
  [     954.66       435.9]
  [      854.8      432.81]
  [     973.13      532.52]
  [     845.02      542.48]
  [     980.14      609.17]
  [     874.12      634.05]
  [     946.92      639.04]
  [     880.07      640.85]
  [     933.14      778.35]
  [     869.17      786.21]
  [     923.88      896.51]
  [      848.8      916.14]]]