[[[     1695.6      409.66]
  [     1694.4      401.81]
  [     1688.4      401.87]
  [          0           0]
  [       1660      408.62]
  [     1695.9      463.73]
  [     1617.4      465.28]
  [     1708.1      528.03]
  [       1608      538.44]
  [       1713      582.11]
  [     1627.6      597.68]
  [     1685.5      598.56]
  [       1632      599.99]
  [     1673.8      690.45]
  [     1620.8      689.67]
  [     1661.5      768.48]
  [     1603.6      770.12]]

 [[     1915.3      361.76]
  [          0           0]
  [     1909.6       352.6]
  [          0           0]
  [     1899.9      360.69]
  [          0           0]
  [     1885.5      422.56]
  [          0           0]
  [     1860.9      482.13]
  [          0           0]
  [     1846.3      475.65]
  [          0           0]
  [     1884.3      567.57]
  [          0           0]
  [     1889.7      680.44]
  [          0           0]
  [     1896.3      778.88]]]