[[[     1327.8      322.29]
  [     1341.4      308.19]
  [       1326      308.18]
  [     1384.2      315.43]
  [          0           0]
  [     1423.3      404.64]
  [     1322.3      401.43]
  [     1446.7      517.33]
  [     1299.3      515.28]
  [     1407.4      614.38]
  [     1284.3      605.19]
  [     1386.8       616.2]
  [     1318.1      613.74]
  [     1400.2       752.8]
  [     1343.7      750.38]
  [     1418.4      889.07]
  [     1354.8      874.24]]

 [[     1190.6      332.58]
  [     1203.7      322.22]
  [     1181.4       323.1]
  [     1226.2      333.07]
  [     1170.4      335.87]
  [     1252.1      406.61]
  [     1149.4      410.72]
  [     1265.3      501.66]
  [       1123      499.09]
  [       1236      582.81]
  [     1120.4      574.67]
  [       1218      593.39]
  [     1149.8      593.42]
  [     1220.7      725.74]
  [     1155.3      720.56]
  [       1225       843.5]
  [     1171.4      830.37]]

 [[     969.43      378.72]
  [     970.92      367.81]
  [     961.18      365.47]
  [          0           0]
  [     925.91      367.92]
  [     966.64      446.94]
  [     880.34      446.85]
  [     985.84         531]
  [     877.46      546.78]
  [     993.54      598.93]
  [     903.75      625.64]
  [     966.39      628.54]
  [     905.17      628.84]
  [     950.44      752.05]
  [     896.16      756.23]
  [     941.33      855.53]
  [     881.24       870.4]]]