[[[     1203.6      352.89]
  [     1215.4      343.59]
  [     1194.3      341.97]
  [     1229.8      351.59]
  [     1177.9      348.69]
  [     1248.1      416.38]
  [     1153.4      419.38]
  [     1261.7      500.67]
  [     1130.1      499.61]
  [     1233.6      575.55]
  [       1128      567.81]
  [     1218.4      586.16]
  [     1155.9         586]
  [     1222.7      708.35]
  [     1163.8      703.93]
  [     1228.6      822.12]
  [     1177.1      804.37]]

 [[     1333.2       334.3]
  [     1346.6      321.33]
  [     1332.6      320.18]
  [     1385.6      329.59]
  [          0           0]
  [       1419      414.08]
  [       1332      411.76]
  [     1437.8      522.04]
  [     1311.9       516.4]
  [     1406.6      613.01]
  [     1295.1      598.93]
  [     1380.2      609.02]
  [     1320.3      606.48]
  [     1388.3      735.41]
  [     1337.9      732.02]
  [     1396.8      859.44]
  [     1338.9      843.78]]

 [[     995.76      396.99]
  [     1002.1      386.56]
  [     985.54      386.06]
  [          0           0]
  [     958.78      389.27]
  [       1002      462.32]
  [     934.77      441.45]
  [     1008.3      540.27]
  [     930.07      421.23]
  [       1015      605.36]
  [     955.93      361.37]
  [     984.84      618.02]
  [     936.87      614.98]
  [     973.33      731.61]
  [     921.52      731.98]
  [     961.65      830.07]
  [     905.83      841.94]]]