[[[     1342.3      329.75]
  [     1356.3      316.95]
  [     1340.8      316.13]
  [     1395.3      327.39]
  [          0           0]
  [     1426.2      415.86]
  [       1334      409.71]
  [     1436.2      524.82]
  [     1311.5       515.7]
  [     1396.1      611.18]
  [     1294.1      599.07]
  [     1385.9      610.89]
  [     1322.5       606.8]
  [     1393.8      738.77]
  [     1342.7       735.2]
  [     1404.9      868.09]
  [     1346.5      854.64]]

 [[     1200.3         350]
  [     1213.2      341.05]
  [     1191.4      338.69]
  [     1229.2      350.51]
  [     1175.5       345.8]
  [       1246      417.16]
  [     1150.6      418.41]
  [     1259.5      504.27]
  [     1126.5      500.06]
  [     1231.9      577.62]
  [     1123.8      569.15]
  [     1215.6      588.99]
  [     1152.5      588.54]
  [     1220.5      712.21]
  [       1158       708.7]
  [     1230.6      828.36]
  [     1176.1      812.76]]

 [[     981.09      382.13]
  [        983      371.76]
  [     969.62      372.59]
  [          0           0]
  [     937.73      381.56]
  [     985.47      450.37]
  [     905.36      449.07]
  [     1002.5      529.16]
  [     887.41      537.86]
  [     1012.6       586.1]
  [      896.5      613.22]
  [     975.57      621.48]
  [     921.85      621.44]
  [     967.27      736.32]
  [     912.17      738.73]
  [     956.58      836.05]
  [     900.93      848.46]]]