[[[     1418.2      251.37]
  [     1438.1      233.99]
  [     1414.5      234.82]
  [     1493.3      245.72]
  [          0           0]
  [     1534.5         368]
  [     1394.6      368.59]
  [     1574.4      509.02]
  [     1355.6      507.59]
  [     1521.2      635.48]
  [     1340.6       619.8]
  [     1482.9      640.71]
  [     1388.4      637.98]
  [     1508.7      821.29]
  [     1414.7      807.39]
  [     1532.2      995.79]
  [     1439.3      966.56]]

 [[     1193.8      286.03]
  [       1211      272.94]
  [     1189.2      271.71]
  [     1251.7      285.13]
  [          0           0]
  [     1291.8      379.09]
  [       1156      375.34]
  [     1318.1      493.08]
  [     1123.5      487.67]
  [       1279      594.29]
  [     1121.2      583.06]
  [     1251.8      608.07]
  [     1163.1      602.79]
  [       1256      765.97]
  [     1167.7       758.5]
  [       1265      908.86]
  [     1182.5      887.83]]

 [[        949      339.03]
  [     953.34      325.07]
  [     935.06      323.68]
  [          0           0]
  [     888.96      328.54]
  [     949.83      425.47]
  [     838.54      423.11]
  [     972.26      534.64]
  [     830.95      546.24]
  [     983.45      623.76]
  [     865.03      646.11]
  [      944.5      655.23]
  [     869.97      656.71]
  [     924.24      806.39]
  [     860.28      810.52]
  [     918.67      934.82]
  [     840.19      958.07]]]