[[[     1660.8      372.44]
  [       1673      363.08]
  [     1654.5      362.61]
  [     1698.4      370.09]
  [          0           0]
  [       1724      428.67]
  [     1633.6      432.46]
  [     1737.8      514.13]
  [     1610.7         508]
  [     1706.7      581.51]
  [     1602.4      573.75]
  [     1686.8      580.84]
  [     1628.1      581.04]
  [       1691      687.46]
  [     1648.3      682.19]
  [     1687.4      789.11]
  [     1656.4      770.28]]

 [[     1366.6      422.94]
  [     1365.5      416.46]
  [     1358.6      416.72]
  [          0           0]
  [     1333.4      424.05]
  [     1369.3      472.49]
  [       1307       472.5]
  [     1378.5      529.49]
  [     1297.8      536.04]
  [     1383.4      579.68]
  [     1313.3      588.78]
  [     1360.3      590.05]
  [     1318.2      591.05]
  [     1351.3      673.64]
  [     1311.3      673.68]
  [     1343.7      747.07]
  [       1295      752.39]]

 [[     1546.6       383.2]
  [     1556.3      374.64]
  [       1539      375.26]
  [     1573.6      380.51]
  [       1530       382.7]
  [     1592.5      434.94]
  [     1515.3      437.41]
  [     1598.3      501.89]
  [     1500.7      502.62]
  [     1577.2       558.6]
  [     1495.3       559.7]
  [     1566.1      566.79]
  [       1516      566.15]
  [     1569.2      662.66]
  [     1523.1      660.91]
  [     1579.9      755.43]
  [     1527.6      743.31]]]