[[[     260.28      328.69]
  [      264.8       324.5]
  [     255.75      324.95]
  [     273.88      327.07]
  [     249.46      328.33]
  [     289.02      353.34]
  [     239.49      355.76]
  [     303.69      383.66]
  [     229.26      388.47]
  [     299.92      412.03]
  [      221.8      419.63]
  [     284.05      427.85]
  [      251.1      429.03]
  [     291.22      479.52]
  [     254.01      480.96]
  [     291.73      528.49]
  [      255.7      531.54]]

 [[        369      347.56]
  [     371.33      342.64]
  [          0           0]
  [     384.32      337.46]
  [          0           0]
  [     408.15      357.01]
  [     377.45      362.28]
  [      420.4      388.87]
  [     377.76      398.15]
  [     416.21      421.18]
  [     373.24      424.24]
  [     404.87       428.6]
  [     385.23      429.79]
  [     405.75      481.24]
  [     391.77      480.42]
  [     413.08      531.58]
  [     401.22      530.15]]]