[[[     496.52      205.63]
  [     507.81      196.32]
  [     485.56       193.8]
  [     518.97      205.58]
  [      464.6      199.15]
  [      532.4      271.88]
  [     433.24      266.25]
  [     553.62      354.27]
  [     408.94      349.58]
  [      556.8      421.38]
  [     419.18      425.36]
  [     517.17      442.28]
  [     450.49      442.01]
  [     528.14      557.68]
  [     430.53      564.57]
  [     521.71      669.66]
  [     428.76      685.72]]

 [[      691.6      194.82]
  [     706.63      184.37]
  [     688.22      183.04]
  [     744.37      195.23]
  [          0           0]
  [     771.28      264.34]
  [     685.88      260.72]
  [     787.18      364.02]
  [     680.69      351.59]
  [     766.24      457.19]
  [     659.73      420.46]
  [      740.3      460.15]
  [     681.05       455.8]
  [      751.2      611.02]
  [     693.95       601.3]
  [     763.77      714.49]
  [     719.64      708.99]]]