[[[     326.52      310.28]
  [     329.93      306.55]
  [     321.89      306.56]
  [     334.14      310.45]
  [     313.24       309.8]
  [      343.2      335.46]
  [     300.44      334.88]
  [     354.86      362.88]
  [     292.38      363.56]
  [     343.02      382.33]
  [     314.53      385.26]
  [     338.75      400.67]
  [     309.51      401.19]
  [     343.62      448.72]
  [     304.48      450.82]
  [     343.65       493.7]
  [     301.39      496.08]]

 [[     413.06      316.08]
  [     417.54      312.23]
  [     409.68      312.47]
  [     426.18       314.7]
  [     405.26      315.44]
  [     434.68      339.54]
  [     399.48       340.1]
  [     442.27      369.66]
  [      392.8      370.94]
  [     435.09      399.04]
  [     388.88      396.72]
  [     425.53       403.6]
  [     402.88      403.08]
  [     428.97      453.42]
  [     407.92      449.57]
  [     434.73      500.58]
  [     417.54      493.91]]]