[[[     662.88      292.64]
  [     668.53      288.38]
  [     661.52      288.32]
  [     684.22      290.71]
  [          0           0]
  [     705.07      320.63]
  [     653.34      322.36]
  [     722.28       358.7]
  [     646.38      361.88]
  [     720.91      394.42]
  [     642.63      397.14]
  [      697.6      401.52]
  [     663.19      402.11]
  [     705.02      461.78]
  [     668.45      461.35]
  [      711.8       518.4]
  [     672.78      519.39]]

 [[     589.73       297.7]
  [     593.83      293.44]
  [     585.82      291.52]
  [          0           0]
  [     572.41      287.79]
  [      598.4       320.2]
  [     547.81      314.11]
  [     609.57      354.63]
  [      535.9      347.55]
  [     602.68      378.53]
  [     538.75      369.08]
  [     590.34      398.67]
  [     557.27      396.62]
  [     585.48      457.17]
  [     552.52       455.2]
  [     577.91       514.4]
  [     551.11      511.32]]]