[[[      213.4      287.98]
  [     216.14      282.09]
  [     206.19       282.5]
  [          0           0]
  [     190.13      285.92]
  [     199.98      320.56]
  [     186.74      320.16]
  [     205.44      366.54]
  [     163.41      365.64]
  [     223.11      399.97]
  [     157.14      409.84]
  [     190.05      413.25]
  [     188.49      414.12]
  [     174.83      483.04]
  [     207.33      480.64]
  [     157.98      547.45]
  [     208.66      545.82]]

 [[     360.18      303.46]
  [     366.05      298.96]
  [      356.6      298.69]
  [     377.85      302.09]
  [          0           0]
  [     391.62      331.76]
  [      347.9      331.19]
  [     403.92      370.44]
  [     343.87      365.27]
  [      398.9      406.05]
  [     333.29      393.77]
  [     376.54      411.08]
  [     347.03      409.43]
  [     377.07      471.12]
  [     346.81      467.37]
  [     377.76      528.97]
  [     351.43      522.55]]]