[[[     323.44      299.01]
  [     327.25      295.62]
  [     319.26       295.8]
  [     333.86      300.04]
  [     312.47      299.95]
  [     344.62       323.9]
  [     301.21      324.09]
  [     354.96      351.71]
  [      293.2      352.52]
  [     343.82      373.53]
  [     314.87      375.24]
  [     339.66      389.25]
  [     309.78       390.1]
  [     345.31      438.44]
  [     306.13      441.16]
  [     348.09      483.53]
  [      304.3         487]]

 [[     411.74      305.33]
  [     416.47      301.86]
  [     409.24      301.86]
  [     426.72       304.9]
  [          0           0]
  [     436.32      329.75]
  [     402.22      329.53]
  [     444.43       360.7]
  [     396.45      359.95]
  [     436.49      388.01]
  [     391.33       386.3]
  [     425.79      392.97]
  [     403.72      392.22]
  [     430.84      443.22]
  [     410.49      439.47]
  [     439.69      489.55]
  [      420.1      484.07]]]