[[[     289.91      295.34]
  [     294.04      291.15]
  [      284.8      291.23]
  [     300.06      295.34]
  [      275.8      295.05]
  [     312.12      325.52]
  [     261.41      322.81]
  [     328.12      359.77]
  [     247.61      353.41]
  [     322.68      387.56]
  [     246.42      387.41]
  [     299.54      400.22]
  [     265.31      398.62]
  [     299.91      451.33]
  [     253.93      451.58]
  [     293.97      503.54]
  [     243.79      505.19]]

 [[     376.91      301.78]
  [     382.17         297]
  [     372.95      297.65]
  [     393.75      299.47]
  [          0           0]
  [     405.65       327.8]
  [     370.38      330.08]
  [     412.56      365.59]
  [     367.92      366.06]
  [     403.49      399.09]
  [     361.21      392.09]
  [      396.8      401.32]
  [     373.52      401.33]
  [     396.83      456.57]
  [     375.07      454.95]
  [     400.24      509.57]
  [     381.11      504.76]]]