[[[     568.01      270.99]
  [     573.45      265.92]
  [      562.6      265.79]
  [     581.67      270.34]
  [     553.85      269.66]
  [     594.13      307.51]
  [     539.57      305.91]
  [     604.27      350.62]
  [     529.35       348.6]
  [     610.99      387.51]
  [     522.28      389.59]
  [     585.25      397.83]
  [     548.84      397.17]
  [      587.4      464.23]
  [     547.43      462.36]
  [     586.61      525.67]
  [     547.01      523.31]]

 [[     689.01      277.85]
  [     694.66      272.96]
  [     683.49      272.83]
  [     703.28      277.67]
  [     674.64      277.11]
  [      717.3      311.34]
  [     659.78      311.94]
  [     732.81      351.86]
  [     649.97      354.36]
  [     736.96      390.94]
  [     645.77      391.59]
  [     709.11      399.42]
  [     671.39      400.11]
  [     713.29       465.2]
  [     674.12      465.66]
  [     714.34       527.3]
  [     677.66      526.99]]]