[[[     664.56       295.5]
  [     670.75      290.48]
  [     658.81      290.18]
  [     680.02      296.04]
  [      649.8      295.11]
  [     693.72       332.9]
  [     635.44      333.67]
  [     709.41      375.94]
  [     623.44      380.29]
  [     713.57      415.66]
  [     618.63      420.86]
  [     687.22      426.13]
  [      648.9      427.22]
  [     691.63      497.12]
  [     652.71      498.03]
  [     696.48      563.79]
  [     654.75      564.72]]

 [[     542.92      289.57]
  [     548.37       284.4]
  [     536.75      284.33]
  [     555.62      289.76]
  [     526.16       289.2]
  [     568.31      328.88]
  [     509.48      327.29]
  [     580.49      375.26]
  [      499.2      372.49]
  [     586.82      415.48]
  [     490.66      414.51]
  [     558.59      425.41]
  [     519.31      425.13]
  [     561.95      497.33]
  [      519.6      496.73]
  [     562.56      563.58]
  [     519.18      562.94]]]