[[[     748.32      204.49]
  [     754.59      193.17]
  [     736.08      194.64]
  [     759.65      199.55]
  [     712.66      201.51]
  [     781.21      267.33]
  [     684.21       261.5]
  [      822.8      332.72]
  [     663.61      337.76]
  [     828.68      301.78]
  [     687.17      390.59]
  [     767.13      423.85]
  [     705.44      422.25]
  [     771.57      533.43]
  [      693.5      539.61]
  [     760.43      640.31]
  [     695.62      646.73]]

 [[     900.91      183.97]
  [     906.49      170.23]
  [          0           0]
  [     948.96      166.56]
  [          0           0]
  [     1007.9      230.51]
  [     938.69      237.77]
  [     1031.7      346.17]
  [     936.44      350.34]
  [     997.98      446.16]
  [     913.99      430.59]
  [      995.1      449.97]
  [     947.71      449.59]
  [     1014.9      619.28]
  [     948.38      616.66]
  [     1031.6      719.71]
  [      979.6      706.87]]]