[[[     777.12      281.24]
  [     783.96      276.39]
  [      774.5      276.07]
  [     801.35      280.01]
  [          0           0]
  [     822.29      315.17]
  [     764.83      314.67]
  [      835.4      357.01]
  [     753.35       354.5]
  [     834.35      396.15]
  [     750.84      394.69]
  [     808.69      406.32]
  [     770.12      405.65]
  [     816.79      470.64]
  [     770.96      468.84]
  [     821.52      527.92]
  [     775.03         528]]

 [[     688.28      296.83]
  [      690.7      291.68]
  [     682.15      291.87]
  [          0           0]
  [     668.16      294.85]
  [     697.82       326.9]
  [     650.67      322.58]
  [     711.75      365.28]
  [     628.28      341.76]
  [     715.22      401.11]
  [     649.72      307.24]
  [     689.97      409.15]
  [     659.46      408.31]
  [     695.51      470.78]
  [     662.35      468.73]
  [     694.87      529.57]
  [     660.75      522.96]]]