[[[     873.69      264.32]
  [     881.51      258.61]
  [     870.23      258.36]
  [      899.6      263.15]
  [          0           0]
  [     917.47      302.99]
  [     865.07      303.66]
  [     927.54      351.03]
  [      858.3      351.55]
  [     923.95      397.79]
  [     846.53       389.8]
  [     899.91      406.71]
  [     865.32      405.06]
  [     903.23      481.61]
  [     867.37      475.16]
  [        907      549.44]
  [      874.5       540.2]]

 [[     726.55      286.81]
  [     731.48      282.19]
  [     721.27       280.9]
  [          0           0]
  [     708.78      281.97]
  [     735.24      318.23]
  [     692.53      315.93]
  [     741.48      358.31]
  [     681.83      358.76]
  [     749.07      392.98]
  [     687.99      398.73]
  [     733.21      405.06]
  [     705.37      405.55]
  [     725.25      469.08]
  [     699.68      472.86]
  [     716.97      529.82]
  [     687.95      535.79]]]