[[[     1015.3      3.1161]
  [          0           0]
  [     984.42           0]
  [          0           0]
  [     941.43      28.119]
  [     1134.9      137.96]
  [     896.23      155.96]
  [     1203.1      283.69]
  [     874.83      320.84]
  [     1257.7      436.56]
  [     865.11      469.94]
  [       1120      500.97]
  [     959.56      507.21]
  [          0           0]
  [          0           0]
  [          0           0]
  [          0           0]]

 [[     613.02      109.62]
  [     633.94      94.803]
  [     596.25      87.132]
  [     648.79      107.12]
  [     557.16      88.292]
  [     672.66      212.44]
  [     492.33      196.51]
  [     707.73      344.31]
  [     456.26      330.35]
  [     718.89      460.16]
  [     437.72      464.29]
  [     648.59      496.83]
  [     528.15      491.34]
  [     654.72         706]
  [     518.32      698.16]
  [          0           0]
  [          0           0]]]