[[[     590.28      323.64]
  [     594.16      319.37]
  [      588.8      319.67]
  [     607.31      315.33]
  [          0           0]
  [     627.36      333.46]
  [     585.14      336.35]
  [     640.51      363.45]
  [     577.11      368.95]
  [     642.79      391.03]
  [     574.12      398.18]
  [     621.06       400.1]
  [     593.68      400.84]
  [     619.35      448.72]
  [     594.29      449.75]
  [      616.9      495.47]
  [     591.94      498.95]]

 [[     714.51      298.34]
  [     719.02      293.63]
  [     712.55      294.12]
  [     732.73       292.9]
  [          0           0]
  [     745.96      319.73]
  [     722.35      321.09]
  [     744.82      357.84]
  [          0           0]
  [     724.15         387]
  [          0           0]
  [     737.19      398.58]
  [     720.82      397.96]
  [     737.95      453.12]
  [     719.51      450.56]
  [     743.61      503.64]
  [     724.97      499.27]]]