[[[     878.12      370.75]
  [     885.88      362.68]
  [     867.48      361.24]
  [          0           0]
  [     842.58      368.24]
  [     904.47       436.1]
  [     800.71      429.87]
  [     924.76       512.3]
  [     766.45      504.69]
  [     910.65      559.77]
  [     826.23      539.46]
  [     884.95      599.59]
  [     817.12      599.66]
  [     878.61      726.98]
  [     816.68      728.76]
  [     873.06      849.97]
  [     808.89      851.48]]

 [[     1022.2      396.07]
  [     1027.9      386.27]
  [     1009.5      389.87]
  [     1038.5      394.93]
  [     991.26       403.8]
  [     1072.1      459.61]
  [     970.62      464.33]
  [     1097.9      531.77]
  [     953.74      537.05]
  [     1063.8      570.02]
  [     993.65      591.78]
  [     1060.5      615.26]
  [     993.19      617.76]
  [     1075.9      735.58]
  [     1002.5      733.53]
  [     1086.8      848.53]
  [     1019.1      845.88]]

 [[     1108.7      369.05]
  [     1113.2      359.19]
  [          0           0]
  [     1134.1      368.14]
  [          0           0]
  [     1155.7      444.08]
  [     1172.3      435.89]
  [     1125.6      547.99]
  [          0           0]
  [     1068.8      574.96]
  [          0           0]
  [     1147.9      650.09]
  [     1158.1      642.68]
  [     1149.2      808.94]
  [     1144.8      794.81]
  [     1174.1      948.58]
  [     1146.4      929.01]]]