[[[      374.9      471.08]
  [     381.71      464.48]
  [     370.73      465.21]
  [     399.42      463.06]
  [          0           0]
  [     424.19      496.09]
  [     361.66      500.31]
  [     450.99      534.26]
  [     347.96       539.2]
  [     455.59      580.04]
  [     336.67      572.64]
  [     408.86      594.46]
  [     370.06      595.14]
  [     406.86       665.8]
  [     377.14      664.09]
  [     401.94      739.39]
  [     383.76      734.46]]

 [[          0           0]
  [          0           0]
  [          0           0]
  [     237.44      476.08]
  [     273.93      474.53]
  [     214.75      517.92]
  [     297.42      512.68]
  [        193      574.34]
  [     322.13      564.39]
  [     214.91      608.32]
  [     326.95      601.46]
  [     227.16       629.7]
  [     283.48      627.65]
  [     227.72      699.13]
  [     293.02      690.23]
  [     224.81       780.4]
  [     278.69      770.24]]

 [[      201.6      469.04]
  [     200.57      463.29]
  [     193.52       464.4]
  [          0           0]
  [     171.46      470.88]
  [     194.92      507.74]
  [     153.91      506.74]
  [          0           0]
  [      142.3       549.2]
  [          0           0]
  [     191.36       563.4]
  [     186.65      614.52]
  [     158.84      615.05]
  [     192.18      690.13]
  [     156.85      689.55]
  [     175.23      764.14]
  [     140.68      763.77]]]