[[[     837.43      457.89]
  [     840.76      452.75]
  [     831.83      452.02]
  [          0           0]
  [     816.41      452.56]
  [     848.05      485.02]
  [     792.06      481.98]
  [      860.6      528.77]
  [     775.44      522.33]
  [     857.54       563.3]
  [     810.05       541.4]
  [      842.5      570.96]
  [     805.79      570.95]
  [     840.33      638.99]
  [     803.78      639.97]
  [     836.67      703.83]
  [     801.95      704.01]]

 [[     927.71      471.73]
  [      931.6      466.61]
  [          0           0]
  [     943.42       469.5]
  [          0           0]
  [     949.71      503.91]
  [     957.44      499.49]
  [     945.19      550.15]
  [          0           0]
  [        932      578.75]
  [          0           0]
  [     946.71      590.51]
  [     952.67      587.98]
  [     944.11      657.76]
  [     949.55      654.89]
  [     955.69      721.92]
  [     955.26      717.55]]

 [[     917.22      469.29]
  [     922.21      464.39]
  [     912.21      464.32]
  [          0           0]
  [     904.47       467.2]
  [     936.95      497.66]
  [      894.4      496.81]
  [     937.32      539.29]
  [     888.96      538.62]
  [     926.45       564.9]
  [     903.56      568.49]
  [     926.64      575.92]
  [     898.68      575.29]
  [     925.35      640.19]
  [     898.85      639.65]
  [     916.06      699.81]
  [     895.17       699.7]]]