[[[     1022.6      315.93]
  [     1031.6      305.43]
  [     1009.8       302.8]
  [          0           0]
  [        977      307.98]
  [     1051.8       388.8]
  [     926.42      383.56]
  [     1078.8      483.37]
  [     884.29       473.3]
  [     1078.5      566.82]
  [     967.42      499.18]
  [     1036.5      586.17]
  [     953.28      587.97]
  [     1028.3      740.91]
  [     946.31      745.28]
  [     1027.8      892.86]
  [     940.11      896.88]]

 [[          0           0]
  [     1308.9      270.65]
  [          0           0]
  [     1343.3      278.81]
  [          0           0]
  [     1393.5      381.11]
  [     1382.2      368.13]
  [     1379.8      533.35]
  [     1363.5       515.8]
  [     1327.5      650.56]
  [     1312.1       625.9]
  [     1402.2      670.26]
  [     1391.9      660.15]
  [     1405.3      875.96]
  [     1367.7      860.77]
  [       1432      1062.2]
  [     1380.8      1023.6]]

 [[     1227.1      334.87]
  [     1241.6      326.08]
  [     1218.1      324.45]
  [     1264.6      342.21]
  [     1203.4      338.68]
  [     1289.2      415.74]
  [     1171.4      413.84]
  [     1306.8      503.12]
  [     1153.9      501.52]
  [     1262.1      576.76]
  [     1184.7      572.26]
  [     1260.8      604.97]
  [     1181.8      602.98]
  [     1258.4      757.32]
  [     1188.6      751.93]
  [     1256.8      902.18]
  [     1192.9      895.17]]]