[[[          0           0]
  [          0           0]
  [     255.87      330.64]
  [          0           0]
  [     235.06      334.46]
  [     112.84      419.72]
  [     237.74      426.31]
  [     98.415      547.71]
  [     271.81      550.06]
  [          0           0]
  [      302.8      621.84]
  [     131.17      667.04]
  [     216.87      674.82]
  [     142.02      848.08]
  [     230.21      853.21]
  [     138.43      1023.3]
  [     208.46      1035.5]]

 [[     550.19      346.87]
  [      564.9      338.51]
  [     546.95      335.64]
  [     597.53      348.95]
  [          0           0]
  [      629.7      412.98]
  [      535.2      411.05]
  [     665.53      494.71]
  [     526.89      494.81]
  [     614.86      567.18]
  [     510.51      573.06]
  [     600.15      598.75]
  [      537.9      594.94]
  [     607.23      736.23]
  [     546.29      730.61]
  [     612.75      871.87]
  [     555.79      863.67]]]