[[[     403.25      488.94]
  [     408.99      482.65]
  [     400.12      482.99]
  [      424.3      477.33]
  [          0           0]
  [     447.43      500.65]
  [     387.75      504.81]
  [     468.74      543.02]
  [     368.14      538.98]
  [     447.15      573.37]
  [     384.13      519.98]
  [     433.58      589.56]
  [     393.87      591.04]
  [     435.84      655.57]
  [     394.05      657.76]
  [     443.83      720.86]
  [     394.76      722.04]]

 [[          0           0]
  [          0           0]
  [          0           0]
  [     782.04      467.67]
  [          0           0]
  [      782.8      501.29]
  [     836.61      494.54]
  [     778.51      550.88]
  [        868      534.59]
  [     776.56      583.59]
  [     842.14      569.98]
  [     799.46      604.74]
  [     837.79      601.18]
  [     786.67      680.37]
  [     838.58      674.05]
  [     791.84       751.4]
  [     865.79      745.35]]]