[[[     549.48      464.57]
  [     555.43       456.7]
  [     540.29      458.16]
  [     565.25      459.32]
  [     526.66      462.47]
  [     583.22      507.23]
  [     510.55      495.57]
  [     596.02       561.6]
  [      460.7      495.77]
  [     585.78      598.03]
  [     416.23      480.48]
  [     561.21       621.1]
  [     514.76      616.83]
  [     565.66      701.55]
  [     516.64      698.56]
  [     566.96      775.76]
  [     514.45      776.16]]

 [[     644.52      440.81]
  [     651.98       433.1]
  [      640.6      434.82]
  [     674.18      434.53]
  [          0           0]
  [      705.2      476.41]
  [      639.3      487.39]
  [     740.05      522.98]
  [     630.54      542.67]
  [     741.61      578.14]
  [     617.37      597.74]
  [     694.57      600.81]
  [      651.9      604.42]
  [     699.34      685.72]
  [     652.59       688.5]
  [     708.25      771.65]
  [     653.64      775.82]]

 [[     779.47       408.6]
  [     788.45       400.4]
  [     776.47      401.13]
  [      815.3       401.2]
  [          0           0]
  [     843.34      448.86]
  [      781.8      450.61]
  [     845.31      515.94]
  [      770.3      513.39]
  [     799.91      559.19]
  [     758.77      561.85]
  [     826.47      582.83]
  [     784.01      581.93]
  [     834.21      688.09]
  [     785.66      684.77]
  [     846.44      781.29]
  [     786.86      779.72]]]