[[[     307.11      430.08]
  [     316.56      423.68]
  [     303.59      423.04]
  [     340.79      429.27]
  [          0           0]
  [     366.01      469.84]
  [     290.72      469.31]
  [     363.11      526.81]
  [      262.5      527.26]
  [     299.85      528.98]
  [     319.57       524.1]
  [     354.45      593.64]
  [     302.59      593.65]
  [      357.9       688.6]
  [     307.71      688.48]
  [     367.14      781.85]
  [     308.21      782.59]]

 [[     13.849      482.78]
  [     22.194      473.59]
  [      7.422      474.69]
  [     43.299      471.93]
  [          0           0]
  [     68.672      517.22]
  [          0      516.68]
  [     78.767      576.04]
  [          0           0]
  [     65.251      614.63]
  [          0           0]
  [     36.004      633.69]
  [          0      632.41]
  [     32.399      716.37]
  [     6.1054      714.49]
  [     29.816      791.34]
  [     23.248      788.42]]

 [[     137.61       455.4]
  [     144.77      448.38]
  [     135.64       449.4]
  [      171.5       451.2]
  [          0           0]
  [      211.5      493.57]
  [     141.04       499.3]
  [     239.07      546.71]
  [     130.42       552.8]
  [     219.12      592.04]
  [     129.39      593.14]
  [      199.2      613.27]
  [     150.95       613.4]
  [     201.64      698.82]
  [     143.78      699.58]
  [     208.91      783.07]
  [     142.79      783.88]]]