[[[          0           0]
  [          0           0]
  [          0           0]
  [     944.18      428.75]
  [          0           0]
  [     941.13      475.56]
  [     1025.4      473.22]
  [     930.78      554.55]
  [     1056.2      545.52]
  [     914.59      607.78]
  [     1050.3      600.53]
  [     967.69      622.25]
  [     1024.6      623.34]
  [     938.93      714.97]
  [     1003.4       730.3]
  [     970.44      816.16]
  [     1010.3      841.22]]

 [[     576.19      499.41]
  [     580.31      494.11]
  [     571.64      492.98]
  [          0           0]
  [      554.9      485.94]
  [     572.48      509.89]
  [     526.01      505.88]
  [     569.85      544.51]
  [     497.67      542.01]
  [     576.67      573.42]
  [     515.65      579.44]
  [     563.77      590.12]
  [     528.48      590.46]
  [     587.76      650.43]
  [     516.45      654.05]
  [     605.58      713.53]
  [     504.37      718.92]]

 [[     707.98      486.34]
  [     713.38      482.18]
  [     705.03      482.25]
  [     725.72      484.58]
  [     701.09      484.78]
  [     741.29      512.98]
  [      688.9      514.23]
  [     758.51      542.89]
  [     673.93      547.64]
  [     763.37      570.23]
  [     668.21      581.45]
  [     730.74      591.31]
  [     696.68      591.55]
  [     731.36      650.65]
  [     696.87      650.31]
  [     734.19      708.36]
  [     694.55      709.08]]]