[[[     505.43       404.6]
  [     517.01      396.73]
  [     502.07      395.09]
  [     544.28      401.52]
  [          0           0]
  [     575.36      454.71]
  [     488.85      455.31]
  [     601.92      523.24]
  [     477.74      524.84]
  [      573.9      589.92]
  [     471.64      586.99]
  [     555.98      608.84]
  [     497.53      607.45]
  [     567.71      719.25]
  [     502.28      716.34]
  [     573.76      826.06]
  [     502.67      822.08]]

 [[          0           0]
  [          0           0]
  [          0           0]
  [          0           0]
  [     293.65      403.82]
  [     197.28      470.94]
  [     307.59      471.39]
  [          0           0]
  [      327.5      570.27]
  [          0           0]
  [     340.61      630.06]
  [     212.51      658.75]
  [     287.51      659.53]
  [     240.55      787.76]
  [     292.87      782.06]
  [     243.97      922.62]
  [      280.9      919.01]]]