[[[     629.98      474.11]
  [     634.31      469.16]
  [      624.1      469.01]
  [          0           0]
  [     610.91      469.59]
  [     646.01      502.87]
  [     590.07      500.36]
  [     659.25      541.75]
  [     572.16      538.95]
  [     661.45      581.61]
  [     577.08      582.64]
  [     631.44      588.58]
  [     596.32      587.81]
  [     627.11      652.86]
  [     599.23      652.19]
  [     623.08       716.1]
  [     598.33      715.72]]

 [[     732.88      486.83]
  [     736.93      481.57]
  [          0           0]
  [     750.35      482.98]
  [          0           0]
  [     760.28      514.55]
  [     762.07      512.73]
  [     761.61      555.55]
  [          0           0]
  [     751.06      586.41]
  [          0           0]
  [     755.02      600.85]
  [     756.71       598.9]
  [     752.58      666.78]
  [     748.82      664.17]
  [     762.25      730.57]
  [     755.07       725.2]]

 [[     710.36      486.27]
  [     715.52      481.58]
  [     706.96      481.73]
  [     725.48      483.75]
  [          0           0]
  [     736.42      511.69]
  [      695.7         513]
  [     740.44       551.6]
  [     687.48      554.41]
  [     725.89      582.72]
  [     687.75      591.65]
  [      726.7      588.84]
  [     700.11      588.79]
  [     732.43      649.13]
  [     700.66      649.07]
  [     735.38      706.98]
  [     701.26      706.51]]]