[[[          0           0]
  [          0           0]
  [          0           0]
  [     766.92      466.87]
  [          0           0]
  [     758.23      498.73]
  [     819.28      492.38]
  [      749.2      542.99]
  [     857.86      529.63]
  [     756.57      578.03]
  [     834.74      564.15]
  [     779.04      596.92]
  [     818.58      593.18]
  [      783.4      674.94]
  [     814.96      664.48]
  [     790.84      746.03]
  [     819.91      732.95]]

 [[     404.09      490.47]
  [     409.54      484.09]
  [     400.66      484.59]
  [     424.53      478.32]
  [          0           0]
  [     447.98      501.62]
  [     388.19      505.35]
  [     468.17      544.35]
  [     367.32      539.26]
  [     446.47      573.99]
  [     385.85      521.53]
  [     433.75      589.63]
  [     394.04      591.05]
  [     436.02      655.32]
  [     394.58       657.7]
  [     443.76      720.28]
  [     394.74       722.2]]]