[[[     236.12      250.26]
  [          0           0]
  [     247.59      229.06]
  [          0           0]
  [     217.51      195.73]
  [          0           0]
  [     177.96      253.73]
  [          0           0]
  [     156.81         405]
  [          0           0]
  [     219.56      602.95]
  [     45.362      617.73]
  [        121      622.23]
  [          0           0]
  [     138.31      905.63]
  [          0           0]
  [          0           0]]

 [[     595.09      418.29]
  [     603.41      410.81]
  [     587.28      411.27]
  [     618.13       418.8]
  [     576.45      419.73]
  [      642.3      469.06]
  [     556.66       472.6]
  [     668.27      522.05]
  [     537.82      529.48]
  [     660.43       559.8]
  [      545.4      569.93]
  [     636.74      599.39]
  [     579.11      602.28]
  [     653.75      696.59]
  [     585.31      699.72]
  [     665.14      790.71]
  [     601.44      792.98]]

 [[     297.27      429.43]
  [     308.88      418.43]
  [     286.84      418.78]
  [      330.9      419.23]
  [          0           0]
  [     356.86      477.48]
  [      259.5      476.94]
  [     378.33      554.28]
  [          0           0]
  [     389.03      614.52]
  [          0           0]
  [     338.04      642.86]
  [     272.22      643.45]
  [     339.44      756.24]
  [     259.16      764.04]
  [     341.91      865.79]
  [     245.66      876.06]]]