[[[     893.14      405.35]
  [     900.51      397.09]
  [      883.4      395.31]
  [          0           0]
  [     860.33      397.34]
  [     914.59      453.58]
  [     826.91      448.94]
  [     937.58      522.11]
  [     796.93      520.13]
  [     934.34      581.34]
  [     849.86      559.31]
  [     901.46      601.24]
  [     844.22      600.98]
  [     900.25      713.08]
  [     836.84       713.3]
  [     891.05      823.63]
  [     833.62      822.23]]

 [[     1066.6      406.71]
  [     1070.2         397]
  [          0           0]
  [     1088.8      401.67]
  [          0           0]
  [     1112.7      464.89]
  [     1135.6      460.94]
  [     1116.8      559.98]
  [          0           0]
  [     1080.2      627.32]
  [          0           0]
  [     1117.7      646.97]
  [     1133.9      643.37]
  [     1126.7      781.66]
  [     1131.5      778.26]
  [     1143.7      905.99]
  [     1139.6      897.06]]

 [[     1011.8      429.86]
  [     1017.8      420.89]
  [     1001.6      424.26]
  [       1030       425.2]
  [     987.92      433.68]
  [     1060.7      477.84]
  [     971.46      485.35]
  [     1082.9      538.25]
  [        958      542.33]
  [     1049.4      545.67]
  [     989.27      537.73]
  [     1050.3      622.51]
  [     990.15      626.66]
  [     1075.5      725.53]
  [     1006.2      727.18]
  [     1085.4      824.88]
  [     1019.7      825.35]]]