[[[          0           0]
  [          0           0]
  [          0           0]
  [          0           0]
  [          0           0]
  [     1657.7      90.921]
  [     1310.8      135.84]
  [     1756.5      336.19]
  [     1253.9      391.32]
  [     1529.6      540.22]
  [     1325.6      526.59]
  [     1600.7      639.43]
  [       1365       650.8]
  [     1587.3      1011.3]
  [     1380.2      1025.8]
  [          0           0]
  [          0           0]]

 [[     915.31      155.78]
  [     936.63      133.01]
  [     913.18      139.45]
  [     1009.2      147.65]
  [          0           0]
  [     1115.6      283.15]
  [     913.51      310.68]
  [     1217.5      435.85]
  [     885.87      486.45]
  [       1176      587.16]
  [     861.68       627.7]
  [     1067.7      653.64]
  [     935.92      657.57]
  [       1090      924.79]
  [     926.77      921.87]
  [     1094.9      1066.8]
  [     979.33      1057.2]]

 [[        684      244.23]
  [     709.55      227.82]
  [     673.11      226.35]
  [     758.83      253.72]
  [     663.49      247.88]
  [      799.7      379.39]
  [     626.51      371.45]
  [     823.68      547.15]
  [     593.42       497.4]
  [     768.64      655.99]
  [     595.36      509.45]
  [     738.32      671.71]
  [     619.04      666.49]
  [     745.99      889.85]
  [     605.86      886.46]
  [     753.83      1063.6]
  [     628.86      1053.5]]]