[[[     631.12      421.36]
  [     642.13      413.92]
  [     626.56      412.89]
  [     667.11      420.07]
  [          0           0]
  [     692.93      470.64]
  [     616.86      471.97]
  [     718.61      539.27]
  [     606.58      540.14]
  [     687.84      606.54]
  [     597.47      602.05]
  [     669.04      621.39]
  [     619.56      620.44]
  [     677.95      732.91]
  [     630.15      731.15]
  [     681.96      840.49]
  [     636.94      839.08]]

 [[          0           0]
  [          0           0]
  [          0           0]
  [          0           0]
  [     428.53      427.02]
  [     340.01      491.64]
  [     437.68      491.58]
  [          0           0]
  [     458.32      585.93]
  [          0           0]
  [     476.73      642.43]
  [     358.91      674.06]
  [     425.37      675.11]
  [     381.81      802.92]
  [     427.53      798.51]
  [      389.8       933.9]
  [     417.39      930.81]]]