[[[     361.96      472.04]
  [     369.26      466.05]
  [     358.13      466.22]
  [     387.23      463.34]
  [          0           0]
  [     410.13      493.03]
  [     345.38      496.13]
  [     433.96      538.58]
  [     327.31      544.34]
  [     441.53      586.49]
  [     305.62      587.33]
  [     404.57      591.24]
  [     363.79      592.11]
  [        405      659.71]
  [     368.32      658.96]
  [     404.99      732.89]
  [     371.57      731.01]]

 [[          0           0]
  [          0           0]
  [          0           0]
  [          0           0]
  [     242.85      471.17]
  [     181.75      514.77]
  [     261.92      512.91]
  [          0           0]
  [     286.02       567.2]
  [          0           0]
  [          0           0]
  [     195.93      633.51]
  [     252.72      632.84]
  [     211.11      702.62]
  [     285.81      693.19]
  [     207.46      786.35]
  [     271.33      772.54]]

 [[      196.2      474.19]
  [     199.67      468.41]
  [     190.16      467.46]
  [          0           0]
  [        171      471.14]
  [     199.64      513.03]
  [      140.7      509.25]
  [          0           0]
  [      107.9      552.76]
  [          0           0]
  [     134.87      601.96]
  [     190.76      628.24]
  [      150.5      628.55]
  [          0           0]
  [     147.93       729.2]
  [          0           0]
  [          0           0]]

 [[          0           0]
  [          0           0]
  [          0           0]
  [          0           0]
  [     250.42      469.86]
  [     187.64      506.72]
  [     266.06      509.28]
  [     176.12      560.35]
  [     284.47      566.72]
  [          0           0]
  [          0           0]
  [     196.32      620.49]
  [     248.76      621.55]
  [        200      700.78]
  [     255.58      702.17]
  [          0           0]
  [          0           0]]]