[[[     815.24      436.69]
  [     819.22      431.08]
  [     808.63      431.05]
  [     823.37      432.92]
  [     794.67      432.06]
  [     835.87      466.15]
  [     772.41      465.33]
  [      847.1      507.61]
  [     753.03      508.25]
  [      844.8      541.17]
  [     786.78      533.19]
  [     825.17      557.11]
  [      783.8      558.06]
  [     822.91      627.44]
  [     785.05      629.42]
  [     821.94      694.51]
  [     782.34      697.31]]

 [[     914.32      446.54]
  [     919.18      440.67]
  [          0           0]
  [     930.33      445.21]
  [          0           0]
  [      928.7      481.88]
  [     950.69      480.42]
  [     915.09      528.44]
  [          0           0]
  [     901.42      559.62]
  [          0           0]
  [     930.29      575.09]
  [     944.78      573.92]
  [     931.31      645.94]
  [     939.65      645.31]
  [     946.94       715.4]
  [     946.94      711.95]]

 [[     895.76       451.6]
  [     900.41      446.73]
  [     891.17      446.88]
  [          0           0]
  [     883.83      450.51]
  [     915.91      480.41]
  [     876.09      481.74]
  [     916.43      520.69]
  [     869.36      525.12]
  [     903.29      549.08]
  [     871.84      563.24]
  [     907.83      559.96]
  [     882.09      560.09]
  [     911.71       625.4]
  [     885.47       625.6]
  [     908.96      686.55]
  [     883.68      686.77]]]