[[[     558.45      369.63]
  [     571.76      360.65]
  [     554.39      358.89]
  [     601.18      368.88]
  [          0           0]
  [     630.63      430.58]
  [      547.3      431.67]
  [     664.61      512.27]
  [     539.37      514.82]
  [     627.87      587.41]
  [     527.28      583.75]
  [     607.04      606.78]
  [      551.6      604.93]
  [     615.44      736.74]
  [     566.62       731.8]
  [      630.5      861.22]
  [     582.36      852.25]]

 [[          0           0]
  [          0           0]
  [          0           0]
  [          0           0]
  [        284      367.29]
  [     191.95      441.27]
  [     290.65      451.81]
  [          0           0]
  [     325.89      569.25]
  [          0           0]
  [     349.99      630.57]
  [     209.87      671.61]
  [     278.06      678.79]
  [      229.4      827.01]
  [     295.99      834.09]
  [     226.15      987.45]
  [     271.17      999.52]]]