[[[     404.85      489.77]
  [     410.64       483.4]
  [     401.25      483.69]
  [     425.52      477.76]
  [          0           0]
  [     447.97      501.09]
  [     387.92      504.31]
  [     468.89      543.69]
  [     367.67      537.25]
  [     445.54      574.08]
  [      383.9      519.07]
  [     433.67      590.94]
  [     393.72      592.12]
  [     436.88      656.74]
  [     394.56      659.03]
  [     443.99      721.43]
  [      394.2      723.15]]

 [[      837.9      447.35]
  [     844.03      440.43]
  [     829.99      441.25]
  [     852.84       445.4]
  [     816.91      447.03]
  [     867.17      486.07]
  [     797.33      491.54]
  [     877.71      531.71]
  [     779.77      545.17]
  [     875.34      568.32]
  [     795.08       589.1]
  [     860.33      598.63]
  [     814.49      602.98]
  [     874.28       679.1]
  [     820.28      686.26]
  [     862.71      759.44]
  [     824.95      769.55]]]