[[[     750.02      175.83]
  [        766      163.68]
  [     737.63      163.62]
  [     791.99      175.98]
  [     722.51      175.74]
  [     818.15      254.07]
  [     700.63      255.93]
  [     850.91       357.6]
  [     682.18      356.17]
  [     829.23      457.03]
  [     661.33      433.05]
  [     794.68      473.21]
  [     715.83      473.25]
  [     812.69      642.64]
  [     726.31       639.6]
  [          0           0]
  [          0           0]]

 [[     437.74      158.07]
  [     450.85      144.31]
  [     422.76      143.96]
  [     463.94      154.63]
  [      394.9      153.02]
  [     481.63       241.8]
  [     364.12       236.6]
  [     493.64      349.69]
  [     333.31      340.41]
  [     514.26      426.04]
  [     345.53       438.4]
  [     467.07      461.84]
  [     386.46      460.76]
  [     457.79      618.63]
  [     357.46      624.56]
  [     421.54      715.98]
  [     331.12      714.86]]]