[[[      721.9      273.87]
  [     730.48      268.04]
  [     717.87       267.3]
  [     747.53      273.92]
  [          0           0]
  [     765.22      315.64]
  [     705.92      315.67]
  [     779.26      365.37]
  [     696.98      366.37]
  [     770.68      413.09]
  [      686.1      411.05]
  [     750.24      427.76]
  [     711.03      426.34]
  [     761.64       513.6]
  [      723.4      505.37]
  [     771.62      593.96]
  [     738.05      579.53]]

 [[     558.74      272.37]
  [          0           0]
  [     552.59      266.08]
  [          0           0]
  [     529.98      266.62]
  [      551.8      304.17]
  [     498.83      307.41]
  [     557.95      355.64]
  [     491.66      365.63]
  [     573.27      399.93]
  [     509.08      421.78]
  [     553.39      422.14]
  [     517.16      427.86]
  [     568.06      498.75]
  [     514.46      512.92]
  [     554.83      570.93]
  [     517.15      592.02]]]