[[[     475.77       176.4]
  [     483.98      165.34]
  [     461.47       166.1]
  [      489.9      177.42]
  [      432.9      179.14]
  [     506.09      251.08]
  [     408.62      251.47]
  [     522.79      342.85]
  [     388.25      345.27]
  [     544.04       404.3]
  [     403.33      431.11]
  [     500.53      436.54]
  [     435.38      438.83]
  [     488.57      564.71]
  [      406.8      577.61]
  [     463.34      683.53]
  [     392.41      700.93]]

 [[     753.52       208.5]
  [     766.07      198.17]
  [     742.49      197.32]
  [     784.85      206.61]
  [     727.64      204.74]
  [     804.72      273.76]
  [     707.02      271.82]
  [     831.26      356.52]
  [     692.07      349.26]
  [     809.71      435.81]
  [     673.62      415.84]
  [     779.51      449.95]
  [     715.49      447.61]
  [     793.22      581.85]
  [     719.53      575.86]
  [     797.12      701.77]
  [     743.34      694.17]]]