[[[     716.64      252.18]
  [     725.71      246.12]
  [      715.4      245.67]
  [      750.2      254.27]
  [          0           0]
  [     773.86      303.94]
  [     712.09      303.41]
  [     784.19      364.44]
  [     701.61      364.62]
  [     768.83      421.75]
  [      685.6      413.97]
  [     749.73      431.29]
  [     708.85      428.91]
  [     760.94      527.88]
  [     717.18      518.55]
  [      773.9      616.99]
  [     732.23      602.79]]

 [[     539.99      241.21]
  [     543.22      233.95]
  [     529.78      234.87]
  [          0           0]
  [     508.23      243.86]
  [     549.61       295.4]
  [     489.25      295.81]
  [     557.33      355.16]
  [     481.77      357.01]
  [     574.79      398.45]
  [     500.18      413.75]
  [     546.38      423.92]
  [     505.57      426.46]
  [     544.07      514.48]
  [     497.21       523.8]
  [     532.25      602.98]
  [     482.39      616.81]]]