[[[      705.5      298.27]
  [     708.94      294.66]
  [     701.68      294.98]
  [     715.28       296.8]
  [     696.12      297.33]
  [      727.6      322.56]
  [     686.13      323.32]
  [     745.16      352.25]
  [     678.08      355.84]
  [        760      380.39]
  [     668.06      382.31]
  [      723.1      389.72]
  [     696.52      390.36]
  [     727.91      437.02]
  [     700.36      437.16]
  [     730.39      482.41]
  [     704.77       482.2]]

 [[     634.45      309.31]
  [          0           0]
  [     632.42      305.02]
  [          0           0]
  [     620.34      302.64]
  [     617.33      325.03]
  [      603.6      323.75]
  [          0           0]
  [     599.44      357.79]
  [          0           0]
  [     607.89      388.01]
  [      618.5      391.75]
  [      610.6      392.43]
  [     614.66      444.21]
  [     607.79      445.69]
  [     610.19      493.28]
  [     604.08      497.25]]]