[[[     395.76      288.12]
  [     400.76      283.87]
  [     390.61      283.38]
  [     407.54      287.71]
  [     381.75      286.29]
  [     420.49      318.81]
  [     367.94      316.71]
  [     435.59      358.06]
  [     353.75      351.25]
  [     435.46      398.04]
  [     341.68      378.17]
  [     410.46      402.35]
  [     378.28      401.42]
  [     406.38      466.94]
  [     387.47      463.31]
  [     406.93      530.48]
  [     400.96      523.29]]

 [[          0           0]
  [          0           0]
  [          0           0]
  [          0           0]
  [          0           0]
  [          0           0]
  [          0           0]
  [          0           0]
  [          0           0]
  [          0           0]
  [          0           0]
  [          0           0]
  [          0           0]
  [          0           0]
  [          0           0]
  [          0           0]
  [          0           0]]]