[[[     717.37      299.67]
  [     724.17      295.18]
  [     714.92      294.06]
  [     736.06      298.11]
  [          0           0]
  [     750.04      323.31]
  [     703.61      328.65]
  [     788.82      346.93]
  [     691.97      365.58]
  [     767.03      377.92]
  [     684.04      401.03]
  [     735.88      413.41]
  [     706.81      413.51]
  [     740.19      479.02]
  [     715.11      473.65]
  [     749.15       543.3]
  [     717.79      531.52]]

 [[     587.35      287.85]
  [     589.18       283.1]
  [     581.03       283.6]
  [          0           0]
  [      565.4      288.03]
  [     591.51      319.17]
  [     548.12      321.74]
  [     597.76      361.13]
  [      536.3      356.75]
  [     610.47       392.6]
  [     562.78      341.67]
  [     590.79      406.99]
  [     562.33      410.82]
  [     586.62      467.86]
  [     557.59      475.17]
  [     576.36      528.94]
  [     551.53      534.98]]]