[[[     716.48      273.89]
  [     723.29      269.86]
  [     716.38         269]
  [     741.49      276.33]
  [          0           0]
  [     761.67      314.09]
  [     709.79      313.08]
  [     776.87       357.7]
  [     698.67      357.69]
  [     773.26      402.03]
  [     688.12      398.68]
  [      742.9      410.71]
  [     709.35      409.16]
  [     750.44      482.65]
  [     716.99      478.08]
  [     757.15      551.07]
  [     727.11       545.3]]

 [[     588.88      267.58]
  [     591.58       262.1]
  [     582.31      261.77]
  [          0           0]
  [     565.55      265.61]
  [     584.45      307.88]
  [     554.05      294.98]
  [     584.43      348.91]
  [     556.19       288.9]
  [     602.25      361.08]
  [     567.26      245.61]
  [     582.99      400.98]
  [     561.17      398.73]
  [     575.54      472.42]
  [     549.75      476.41]
  [     563.83      539.94]
  [     540.08      548.03]]]