[[[     1011.1      299.59]
  [     1014.9      294.41]
  [     1004.2      294.54]
  [          0           0]
  [        989      296.39]
  [     1026.9      327.25]
  [     968.78      325.23]
  [     1039.4      366.37]
  [     953.36      362.55]
  [     1039.1      404.72]
  [     948.66       399.3]
  [     1016.2      409.04]
  [     979.04      408.41]
  [     1019.6      472.62]
  [     986.36      468.21]
  [     1023.5      533.08]
  [     995.09      524.36]]

 [[     854.82       295.4]
  [     858.64       290.9]
  [     849.23      290.52]
  [          0           0]
  [     836.66      291.99]
  [     859.12      323.24]
  [     823.51      320.53]
  [      857.2      362.67]
  [     816.92      358.24]
  [      866.2      391.33]
  [     826.22      394.53]
  [     855.99       402.2]
  [     832.24      402.67]
  [     858.16      458.97]
  [     830.84      462.31]
  [     848.22      512.55]
  [     827.25       519.3]]]