[[[     609.57      299.59]
  [     610.87      295.56]
  [     605.08      294.88]
  [          0           0]
  [     589.89      296.99]
  [     606.22      326.72]
  [     568.89      325.15]
  [     609.79      363.84]
  [     559.22      363.76]
  [     615.85      394.55]
  [      572.7      400.79]
  [     601.98       404.5]
  [      577.7      405.73]
  [     602.72      459.73]
  [     575.65      463.94]
  [     594.09       514.6]
  [     573.25      521.63]]

 [[     700.61      308.33]
  [     703.96      303.81]
  [          0           0]
  [     718.71      304.09]
  [          0           0]
  [      741.9      329.97]
  [     706.47      331.41]
  [     752.79      367.87]
  [     701.18       367.8]
  [     742.43      401.32]
  [     695.57      395.87]
  [     731.22      407.63]
  [     707.96      406.94]
  [     737.61      464.24]
  [     710.11      461.11]
  [      745.6      519.26]
  [     722.51      515.66]]]