[[[     664.29       268.4]
  [     670.02      261.21]
  [     656.45      262.73]
  [     680.67      264.04]
  [     646.46      267.71]
  [     701.03       304.6]
  [      637.2      312.15]
  [     720.76      347.48]
  [     632.69      364.68]
  [     734.05      393.17]
  [     632.37      409.12]
  [     705.12      411.51]
  [     662.71      415.78]
  [     716.65      489.47]
  [     672.13      491.07]
  [      725.5      563.14]
  [     682.27       562.4]]

 [[     541.67      265.16]
  [     549.27      258.71]
  [     533.73      256.85]
  [          0           0]
  [     517.12      259.77]
  [     548.94      309.66]
  [     504.63      306.48]
  [     554.48      370.54]
  [     497.17      368.29]
  [     564.75      415.43]
  [     515.51      420.67]
  [     551.71      426.16]
  [     523.66      427.93]
  [     541.54      511.66]
  [     526.07      520.64]
  [     531.43      592.35]
  [     511.39      607.97]]]