[[[     399.28      154.02]
  [     417.79       145.6]
  [     385.94      135.79]
  [     428.72      164.54]
  [     352.01      142.67]
  [     422.55      242.91]
  [     318.36      232.06]
  [     432.29      358.56]
  [     299.67      356.92]
  [     452.19         451]
  [     333.72      478.56]
  [     431.08      474.75]
  [     358.93       475.3]
  [     409.01      652.02]
  [     360.01      656.28]
  [          0           0]
  [          0           0]]

 [[     701.17      196.92]
  [     713.68      185.19]
  [     689.46      184.56]
  [     734.68      189.71]
  [     674.96      188.86]
  [     765.03      256.31]
  [     654.63         261]
  [     798.53      337.69]
  [     631.08      336.32]
  [     807.47      415.31]
  [     653.64      352.78]
  [     754.63      441.41]
  [     681.46      444.51]
  [     765.87      566.32]
  [     668.09      569.09]
  [     759.97      691.01]
  [     666.13      695.38]]]