[[[     519.42      308.37]
  [      523.1      304.13]
  [     516.32       304.4]
  [     532.02      300.62]
  [     512.13      301.23]
  [     547.08       321.9]
  [     503.61      322.28]
  [     556.34      353.09]
  [     495.51       352.7]
  [     557.05      380.63]
  [     499.98      379.41]
  [     538.43      390.24]
  [     509.74      390.29]
  [     539.46      438.48]
  [     510.23      438.27]
  [     540.12      482.91]
  [     509.96      484.15]]

 [[     458.15      314.61]
  [          0           0]
  [     457.48      309.41]
  [          0           0]
  [     446.98      303.09]
  [     438.01      325.13]
  [     421.46      321.57]
  [          0           0]
  [     408.29      355.75]
  [          0           0]
  [     416.62      388.82]
  [     433.71      395.39]
  [     423.77      395.65]
  [     431.44      447.99]
  [      421.8      451.21]
  [     428.54      496.05]
  [     412.83      504.24]]]