[[[     555.04      300.43]
  [     559.75      296.65]
  [     552.36      296.58]
  [     569.58      298.85]
  [     549.92      298.73]
  [     581.72      323.59]
  [      542.6      323.07]
  [     596.61      353.25]
  [     528.68      350.25]
  [     614.16      378.34]
  [     511.15      373.58]
  [     570.56      390.63]
  [     545.79       389.8]
  [     569.48      439.46]
  [     541.76      438.48]
  [      567.4      485.23]
  [     541.49      485.02]]

 [[     467.28      293.73]
  [          0           0]
  [     463.16      290.22]
  [          0           0]
  [     451.02         296]
  [     454.25      322.95]
  [     442.83      324.19]
  [          0           0]
  [     438.52      359.18]
  [          0           0]
  [     450.54      389.66]
  [     454.32      392.13]
  [     447.33      393.02]
  [     450.35      446.46]
  [     444.47      447.36]
  [     444.69      496.53]
  [     437.42      499.73]]]