[[[     988.21      434.65]
  [     996.86      428.05]
  [     982.75       428.1]
  [     1015.9      433.74]
  [          0           0]
  [     1038.8      479.81]
  [      962.7      479.85]
  [     1054.2      533.26]
  [     943.88      532.34]
  [     1048.7      575.63]
  [     960.18      577.36]
  [     1024.9      602.54]
  [     972.99      602.38]
  [       1028       688.8]
  [     965.58      689.63]
  [     1028.4      771.15]
  [     960.09      772.41]]

 [[     869.78       433.9]
  [          0           0]
  [     866.09      425.92]
  [          0           0]
  [     844.58      427.31]
  [     817.35      469.05]
  [     818.97      471.02]
  [          0           0]
  [     808.78      540.42]
  [          0           0]
  [     830.83      601.53]
  [     811.34         604]
  [     814.28         607]
  [     822.35      716.48]
  [      823.8      718.37]
  [     816.68      822.55]
  [     817.54      827.87]]]