[[[     971.95      428.74]
  [     981.14      422.23]
  [     969.03      421.57]
  [     1003.6      427.34]
  [          0           0]
  [     1030.3      475.09]
  [     952.74      475.23]
  [     1045.9      529.99]
  [     939.59      529.17]
  [     1042.5      581.99]
  [     948.08      584.55]
  [     1016.9      600.89]
  [     963.89      600.52]
  [     1019.6      689.31]
  [     954.77      690.03]
  [     1018.9      772.32]
  [     948.98      777.07]]

 [[     851.97      419.97]
  [          0           0]
  [     847.62      411.63]
  [          0           0]
  [     826.88      414.11]
  [     797.69      459.59]
  [     807.95      463.35]
  [          0           0]
  [     804.06      538.47]
  [          0           0]
  [     829.52      602.33]
  [     799.33       599.2]
  [     807.04      602.76]
  [        801      715.66]
  [     800.71      719.96]
  [     797.72      822.98]
  [     793.51      832.57]]]