[[[     965.66      476.86]
  [      970.3      471.92]
  [     960.32       472.1]
  [     977.48      476.55]
  [     950.86      476.28]
  [     992.08      510.04]
  [     934.71       510.9]
  [     1008.3      547.68]
  [     921.32      549.02]
  [     995.35       572.9]
  [     947.95      561.14]
  [     986.51       600.2]
  [     947.65      601.21]
  [     987.88      667.55]
  [     942.54      669.11]
  [     995.09      730.96]
  [     939.29      730.58]]

 [[     890.24      499.71]
  [          0           0]
  [     889.37      492.32]
  [          0           0]
  [     876.24      484.39]
  [     846.41      507.81]
  [     852.89      507.55]
  [          0           0]
  [     838.12      556.61]
  [          0           0]
  [     853.53      601.31]
  [     842.61      608.87]
  [     850.55       610.5]
  [     843.63      682.65]
  [     867.96      682.95]
  [     836.31      756.92]
  [     862.15      758.63]]]