[[[     958.63       381.8]
  [     970.09      370.39]
  [     946.65      370.77]
  [      987.7      377.51]
  [     928.42      377.78]
  [     1014.6      454.39]
  [     898.96      453.83]
  [     1040.2      540.52]
  [     873.28      540.53]
  [     1064.1      620.31]
  [     853.36      622.46]
  [     987.31      651.25]
  [     910.04       649.9]
  [     983.04      789.93]
  [     889.64      790.29]
  [     967.23      928.67]
  [     879.16      929.82]]

 [[      718.7      376.28]
  [          0           0]
  [     714.27      356.99]
  [          0           0]
  [     672.23       338.3]
  [      645.1       418.1]
  [     615.95      408.22]
  [     677.86      513.66]
  [     606.58      566.81]
  [     734.83      465.21]
  [      664.4      686.26]
  [     654.93      671.29]
  [     639.39      671.98]
  [     644.38      876.87]
  [     629.92      882.98]
  [     626.43      1053.3]
  [     609.39      1073.9]]]