[[[     1011.3       483.3]
  [     1015.7      478.05]
  [     1005.9      478.37]
  [     1021.4      480.27]
  [     995.78      480.47]
  [     1034.2      515.34]
  [     979.18      516.09]
  [     1047.1      556.44]
  [     965.93      560.12]
  [     1051.1      593.99]
  [     965.43      603.04]
  [       1027      609.16]
  [     989.23      609.59]
  [       1030      676.57]
  [     980.45      677.99]
  [     1031.7      743.36]
  [     970.69      743.23]]

 [[     922.14      483.73]
  [          0           0]
  [     917.14      477.13]
  [          0           0]
  [     896.92      476.62]
  [     898.05      511.24]
  [     879.12      513.58]
  [          0           0]
  [     877.59      569.17]
  [          0           0]
  [     898.13      616.49]
  [     900.91      616.25]
  [     889.72      618.25]
  [     891.92      698.56]
  [     884.65      700.51]
  [     880.47      775.95]
  [     871.22      779.87]]]