[[[     978.96      406.24]
  [     987.62      397.11]
  [     969.02      397.99]
  [     1002.7       403.3]
  [     954.78      404.77]
  [     1028.6       461.2]
  [     932.93      462.17]
  [     1048.1       523.8]
  [      916.6       525.3]
  [     1020.4      566.55]
  [     972.68      559.14]
  [     1007.9      616.61]
  [     943.62      617.17]
  [     1002.9      728.09]
  [     940.37      727.88]
  [     988.63      830.75]
  [     934.57      830.39]]

 [[     799.23      384.08]
  [          0           0]
  [     795.56      373.08]
  [          0           0]
  [     768.42      375.06]
  [     736.83      438.13]
  [     725.92      443.81]
  [          0           0]
  [     719.64      541.38]
  [          0           0]
  [        753      624.42]
  [     743.43      622.53]
  [     736.96      630.02]
  [        750      770.88]
  [     735.39      788.01]
  [     747.66      907.47]
  [     715.42      936.14]]]