[[[     1280.2      339.68]
  [     1298.8      326.91]
  [     1272.7      324.34]
  [     1340.8      338.93]
  [     1271.9      332.81]
  [     1385.6      426.46]
  [     1248.1      421.48]
  [     1430.3      539.07]
  [     1219.9      523.03]
  [     1413.1      654.73]
  [     1192.5      619.16]
  [     1348.8      670.38]
  [     1260.7      664.65]
  [     1377.5      852.45]
  [     1272.6       833.8]
  [       1386        1012]
  [     1312.5      994.27]]

 [[     923.12      339.82]
  [     936.41      328.23]
  [     910.13      323.07]
  [          0           0]
  [     874.02      317.16]
  [     933.08      406.31]
  [     828.25      398.68]
  [     940.41      508.96]
  [     799.91         502]
  [     976.72      565.07]
  [      833.9      531.97]
  [     920.57      637.24]
  [     851.16      641.29]
  [     908.08      805.85]
  [     842.72      828.83]
  [     891.93      969.14]
  [     813.37      1004.1]]]