[[[          0           0]
  [          0           0]
  [          0           0]
  [          0           0]
  [     1069.9       304.5]
  [     890.52      375.51]
  [     1077.7       363.5]
  [     821.03      535.87]
  [       1152      479.88]
  [     862.31      623.58]
  [       1185      598.14]
  [     920.52      663.49]
  [       1031       666.2]
  [       1015      931.59]
  [     1085.7      935.83]
  [     1010.1      1043.7]
  [     1051.8      1047.3]]

 [[          0           0]
  [          0           0]
  [          0           0]
  [          0           0]
  [          0           0]
  [          0           0]
  [          0           0]
  [          0           0]
  [          0           0]
  [          0           0]
  [          0           0]
  [     836.61      602.56]
  [     865.98      607.19]
  [     849.26      735.41]
  [     880.27      738.38]
  [     841.32       859.1]
  [     854.37      860.19]]]