[[[     1181.2      462.45]
  [     1189.1      454.53]
  [     1176.1      455.88]
  [     1211.8       454.7]
  [          0           0]
  [     1241.5      501.26]
  [     1171.7       504.2]
  [     1258.3      559.98]
  [     1158.9      560.73]
  [     1249.6       616.8]
  [     1146.1      608.67]
  [     1223.2      628.23]
  [     1177.9      627.46]
  [     1229.8      723.59]
  [     1188.6      715.24]
  [     1242.9      813.08]
  [     1201.9      801.16]]

 [[     996.38      450.38]
  [     999.61      444.04]
  [     989.89      443.02]
  [          0           0]
  [     968.16      445.11]
  [     992.14       492.3]
  [     943.35      488.22]
  [     999.36      552.14]
  [     957.97      517.43]
  [     1017.7      596.04]
  [     977.96      471.96]
  [     998.08       615.3]
  [     963.17      617.34]
  [     990.25      706.57]
  [     954.49      715.16]
  [     978.82      794.01]
  [     940.13      800.21]]]