[[[     1275.1      318.03]
  [     1291.9      302.27]
  [     1274.8      303.16]
  [     1350.5      310.13]
  [          0           0]
  [     1426.7       406.9]
  [     1278.8      408.39]
  [       1484      533.26]
  [       1248      527.34]
  [     1462.6      656.76]
  [     1225.9      628.33]
  [     1391.6      673.58]
  [     1294.3      668.75]
  [     1419.7      871.14]
  [     1299.6      854.72]
  [     1429.7        1043]
  [     1347.2      1020.8]]

 [[     928.95      321.96]
  [          0           0]
  [     929.51      302.26]
  [          0           0]
  [     889.62      288.68]
  [     866.98       380.5]
  [      839.1      374.96]
  [     910.93      481.31]
  [     901.06      480.84]
  [     995.12      446.77]
  [      994.3      446.42]
  [     891.99      653.86]
  [     868.98       659.6]
  [     916.95      840.73]
  [     839.47      853.74]
  [     885.71      1003.5]
  [     808.16      1054.1]]]