[[[     992.55      505.62]
  [     997.87      500.92]
  [     987.19      500.81]
  [     1005.9      506.03]
  [     977.29      504.98]
  [     1016.9      542.22]
  [      960.4      540.92]
  [     1028.3      582.83]
  [     948.73      584.03]
  [     1033.8       617.2]
  [     950.81      628.07]
  [     1010.5      631.84]
  [     972.25       631.8]
  [     1013.8      697.57]
  [     965.81      697.86]
  [     1014.6      763.62]
  [        958      763.95]]

 [[     900.34      509.21]
  [     903.49       502.9]
  [     893.78      502.06]
  [          0           0]
  [     873.99      501.63]
  [     885.85      538.53]
  [     863.05      538.75]
  [     891.94      587.76]
  [     862.38      594.22]
  [     905.23      619.67]
  [     875.92      636.95]
  [     890.43      637.05]
  [     877.31      638.54]
  [     878.89       718.1]
  [     875.67      719.77]
  [     869.61       796.3]
  [     861.61      800.05]]]