[[[          0           0]
  [          0           0]
  [          0           0]
  [          0           0]
  [     642.21      16.685]
  [     354.03      161.49]
  [     606.55      131.27]
  [     279.51      458.95]
  [     595.06      376.57]
  [     387.35      553.42]
  [     681.61      619.99]
  [     327.59      721.71]
  [     502.05      718.85]
  [          0           0]
  [          0           0]
  [          0           0]
  [          0           0]]

 [[     929.68      439.23]
  [     937.25       431.8]
  [     920.79      427.99]
  [          0           0]
  [     896.23      423.65]
  [     899.07      485.82]
  [     877.55      453.85]
  [     891.64      551.02]
  [     815.37      488.66]
  [     935.06      543.98]
  [      844.2       553.3]
  [     884.89      631.99]
  [     876.29      623.34]
  [      869.9      756.88]
  [     880.82      752.28]
  [     857.83      871.11]
  [     853.67      881.33]]]