[[[     1152.9       499.1]
  [     1159.8      491.49]
  [     1148.2      492.34]
  [     1180.1         485]
  [          0           0]
  [     1208.5      515.01]
  [     1146.8      515.98]
  [     1230.7      565.03]
  [     1134.3      565.53]
  [     1229.9      612.73]
  [     1119.6      603.89]
  [     1194.4         622]
  [     1155.3      619.86]
  [       1195      707.08]
  [     1155.3      698.64]
  [     1196.3      787.81]
  [     1170.8      777.28]]

 [[     1017.2      475.04]
  [          0           0]
  [     1010.9      466.28]
  [          0           0]
  [     988.49      464.64]
  [     972.83      500.39]
  [     986.12      500.47]
  [          0           0]
  [     1011.3      558.69]
  [          0           0]
  [     1065.9      571.46]
  [     968.81      610.66]
  [     977.63      613.08]
  [     976.62      695.49]
  [     984.69      699.65]
  [     968.43       776.7]
  [     965.36      787.31]]]