[[[     1051.2      485.79]
  [       1054      478.75]
  [          0           0]
  [     1067.2      474.38]
  [          0           0]
  [     1075.4      505.14]
  [     1114.7      505.27]
  [     1082.6      556.17]
  [          0           0]
  [     1067.3      600.65]
  [          0           0]
  [     1087.5      615.39]
  [     1117.4      615.57]
  [       1076       687.3]
  [     1126.5      691.86]
  [     1090.6      762.29]
  [     1145.5      767.68]]

 [[     917.28      499.32]
  [          0           0]
  [     916.01      492.68]
  [          0           0]
  [     903.79      485.41]
  [     888.82      517.07]
  [     878.21      510.31]
  [          0           0]
  [     859.32      557.34]
  [          0           0]
  [     864.32      606.15]
  [     892.17      615.04]
  [     886.66      613.33]
  [     887.25      692.07]
  [     883.46      688.83]
  [     886.82      760.68]
  [     857.87      759.97]]]