[[[     1187.3      424.74]
  [     1197.9      417.27]
  [     1186.3      416.19]
  [     1226.1      422.55]
  [          0           0]
  [     1258.6      475.31]
  [       1180      476.68]
  [     1272.4      540.39]
  [     1167.2      544.89]
  [     1226.4      587.16]
  [     1140.5      602.24]
  [       1241      623.83]
  [     1188.8      621.37]
  [     1250.3      735.76]
  [     1199.1      724.91]
  [     1263.2      841.33]
  [       1220      826.73]]

 [[     979.05      406.82]
  [          0           0]
  [        970      399.73]
  [          0           0]
  [     944.31      406.59]
  [     962.46      459.96]
  [      919.1      456.14]
  [     957.43       526.7]
  [     881.59      518.07]
  [     986.68      559.63]
  [     937.95      554.81]
  [     962.89         611]
  [     934.37      614.23]
  [     964.58      721.17]
  [     925.17      729.25]
  [     952.85      818.47]
  [     907.65      833.63]]]