[[[     481.48      249.37]
  [     507.15      231.49]
  [     458.34      225.63]
  [     534.85       254.1]
  [     416.84      241.41]
  [     575.53      378.97]
  [     347.11      368.84]
  [     627.41      541.93]
  [      291.4       526.5]
  [     631.82      682.85]
  [     253.89      672.79]
  [     533.02      725.25]
  [     381.98      721.88]
  [     556.71      984.92]
  [     379.53      981.15]
  [          0           0]
  [          0           0]]

 [[     955.54       214.6]
  [     976.87      193.25]
  [     932.05       195.4]
  [     1009.5      209.52]
  [     901.53      215.18]
  [     1060.4      340.14]
  [     858.68      346.48]
  [     1115.4      482.08]
  [     826.55      495.97]
  [     1096.1      617.33]
  [      827.5      626.41]
  [     1034.4      691.99]
  [     897.13      694.59]
  [     1059.3      941.43]
  [      888.7      948.24]
  [          0           0]
  [          0           0]]]