[[[     731.43      461.13]
  [     739.76      455.16]
  [     725.23       453.2]
  [     748.03      463.23]
  [     711.41       457.3]
  [     758.42      506.43]
  [     683.07      499.89]
  [     775.08      564.32]
  [     651.77      541.16]
  [     772.55      617.38]
  [     670.64      502.75]
  [     737.22      623.37]
  [     688.39      620.92]
  [     733.18      714.59]
  [     683.52      713.29]
  [     728.39      804.38]
  [     682.02      797.95]]

 [[     895.82      453.74]
  [     903.53      446.57]
  [     889.45      446.84]
  [     919.11       447.6]
  [     881.22      447.77]
  [      939.3      491.06]
  [     866.44      490.82]
  [     955.11      545.49]
  [     849.68         543]
  [     967.71      589.83]
  [     857.82      586.84]
  [     924.86       614.5]
  [      876.3      614.85]
  [     925.16      702.31]
  [     872.08      703.73]
  [     923.12      785.12]
  [      871.5      787.18]]]