[[[     1230.5      405.28]
  [       1241      395.65]
  [     1220.3      395.21]
  [     1256.3      399.95]
  [     1203.8      399.03]
  [       1280      461.95]
  [       1181      458.65]
  [     1303.2      538.99]
  [     1165.2      530.59]
  [     1297.1      617.85]
  [     1147.8      596.63]
  [     1254.4      629.07]
  [       1190      626.57]
  [     1265.4      755.06]
  [     1203.9      743.69]
  [     1279.7      874.06]
  [     1231.3      855.05]]

 [[     938.84      383.18]
  [     943.88      374.19]
  [     926.57      374.22]
  [          0           0]
  [      899.7      381.92]
  [     945.03      447.61]
  [     880.18      444.33]
  [     949.21      529.43]
  [     874.88       518.2]
  [     966.48      592.84]
  [     888.58      596.69]
  [     948.04      613.33]
  [     904.36      616.14]
  [     944.12      730.86]
  [     897.31      745.04]
  [     931.33      844.19]
  [     880.87      868.03]]]