[[[     1162.1      468.56]
  [     1168.9      461.55]
  [     1156.5      462.29]
  [     1184.6      462.61]
  [          0           0]
  [     1206.6      503.51]
  [       1144       505.1]
  [     1218.2      555.73]
  [     1133.2      554.72]
  [     1210.1       604.6]
  [       1120      596.13]
  [     1188.3      615.05]
  [     1147.8       613.8]
  [     1194.7      700.21]
  [     1158.1       691.8]
  [     1202.7      780.37]
  [     1174.5      767.43]]

 [[     993.96      457.39]
  [     998.71      451.14]
  [     987.02      450.34]
  [          0           0]
  [     968.79      450.69]
  [      997.6      494.42]
  [     946.47      492.19]
  [     1002.5      548.91]
  [     936.52      548.44]
  [     1016.2      596.51]
  [     948.69       600.8]
  [     996.57      607.58]
  [     961.97      608.88]
  [     996.11      689.68]
  [     954.25      694.44]
  [     997.53      767.77]
  [     947.54      774.47]]]