[[[     329.14       464.3]
  [          0           0]
  [     323.76      454.99]
  [          0           0]
  [     294.62         450]
  [     286.52      484.62]
  [      269.2      489.86]
  [     308.12      527.21]
  [     324.92      554.56]
  [      348.7      513.95]
  [     389.05      554.18]
  [     254.06      621.76]
  [     236.96      624.91]
  [     270.05      711.14]
  [     232.38      720.85]
  [     266.82       805.6]
  [     224.95      819.22]]

 [[     480.89      498.67]
  [     483.23      490.96]
  [          0           0]
  [     501.18      478.98]
  [          0           0]
  [     539.23      505.35]
  [     495.82      511.92]
  [     560.08      556.76]
  [     488.66      564.59]
  [     557.42      606.89]
  [     461.45      599.89]
  [     531.73      618.22]
  [     505.56      619.01]
  [     526.36      702.97]
  [     511.49      700.81]
  [     535.02      785.91]
  [     523.69      784.32]]]