[[[     561.91      470.84]
  [          0           0]
  [     557.05      463.19]
  [          0           0]
  [     535.72      460.52]
  [     521.57      495.66]
  [     520.67      497.52]
  [          0           0]
  [     550.68      555.93]
  [          0           0]
  [     606.68      553.37]
  [     505.15      617.14]
  [     504.69      620.44]
  [      523.6      703.36]
  [     525.18      708.28]
  [     515.91      791.48]
  [     513.02      801.16]]

 [[     693.44      500.74]
  [     697.29      492.63]
  [     689.73      494.63]
  [     714.79      484.97]
  [          0           0]
  [     741.55      514.46]
  [     706.15      518.54]
  [      751.8      567.43]
  [          0           0]
  [     732.79      609.34]
  [          0           0]
  [     731.77       619.7]
  [     709.09      619.85]
  [     730.59      700.74]
  [     710.06      698.18]
  [     739.36      781.52]
  [     724.05      775.68]]]