[[[     996.48      443.08]
  [       1004      434.33]
  [     988.48      435.31]
  [     1018.3      435.35]
  [     978.36      437.26]
  [     1038.9      478.14]
  [      966.9      480.76]
  [     1056.9      536.83]
  [     948.14      521.56]
  [     1070.1      587.15]
  [     976.88      474.49]
  [     1025.6      608.65]
  [     977.19      610.49]
  [     1029.3      701.49]
  [     975.21      703.84]
  [     1032.6      789.94]
  [     971.66      788.31]]

 [[     788.51      449.73]
  [     795.72      442.21]
  [     781.53      443.27]
  [     811.93      446.57]
  [     773.67      448.61]
  [      835.2      492.09]
  [     760.62      488.61]
  [      852.3       547.4]
  [     725.71      504.27]
  [     855.14      598.71]
  [     752.18      451.41]
  [     817.56      613.37]
  [     769.46      613.92]
  [     824.65      703.64]
  [     779.34      706.12]
  [     829.25      789.24]
  [     779.68      790.86]]]