[[[     681.86      309.48]
  [        685      305.57]
  [     677.13      305.53]
  [     688.38       307.9]
  [     667.97      307.36]
  [      697.7      333.46]
  [     654.75      332.61]
  [     707.34      365.19]
  [     645.38      364.21]
  [     709.24      394.04]
  [     644.85      394.75]
  [     692.42      399.04]
  [     664.31      399.35]
  [     695.15       448.4]
  [     666.06      448.85]
  [     696.93      495.35]
  [      668.2      495.55]]

 [[     596.07      302.39]
  [     599.73      298.48]
  [     591.85      297.84]
  [     603.59      301.54]
  [     583.25      299.38]
  [     611.44      328.53]
  [     569.76      324.28]
  [     620.31      361.29]
  [     561.99      351.48]
  [      607.8      358.47]
  [     581.93      347.18]
  [     602.93       397.1]
  [     574.29      395.98]
  [     606.17      447.75]
  [        570       448.3]
  [     603.65      492.68]
  [     567.12      494.81]]]