[[[     516.77      218.97]
  [        527      211.26]
  [      512.6      210.46]
  [     551.38      217.79]
  [          0           0]
  [     579.82      275.01]
  [     496.24      273.23]
  [     597.07      340.39]
  [     474.91       340.2]
  [     607.72      399.76]
  [     458.77      400.57]
  [     560.15      420.03]
  [     504.81      418.22]
  [     566.54      524.27]
  [     501.43      519.98]
  [     563.74      619.41]
  [     507.29      617.11]]

 [[     324.87      217.27]
  [     335.52      207.44]
  [     315.21      201.41]
  [          0           0]
  [     278.99      191.03]
  [     318.41      264.46]
  [     238.99      253.06]
  [     325.42      354.87]
  [     230.29      350.23]
  [     344.75      419.94]
  [     260.81      439.24]
  [     321.44      437.47]
  [     267.65      437.58]
  [     310.37      575.84]
  [     264.49      580.17]
  [     292.04      688.93]
  [     252.11      712.81]]]