[[[     647.65      312.62]
  [     651.01      309.46]
  [     645.09      309.66]
  [        658      311.49]
  [     641.42       311.9]
  [     667.63      334.35]
  [     633.17      334.27]
  [     677.89      360.64]
  [     625.98      360.76]
  [      678.5      383.99]
  [     625.66      386.12]
  [     659.34      389.64]
  [     635.97      389.14]
  [     658.84       430.6]
  [     630.78      429.63]
  [     655.46      470.31]
  [     622.88      470.26]]

 [[          0           0]
  [          0           0]
  [     573.45      316.88]
  [          0           0]
  [     568.02      316.21]
  [     552.72      333.29]
  [     559.57      333.88]
  [          0           0]
  [      559.4      362.98]
  [          0           0]
  [     572.47      387.75]
  [     553.37      390.71]
  [     559.23      391.69]
  [     557.89      436.86]
  [     563.25       437.2]
  [      552.6      481.12]
  [     555.75      483.47]]]