[[[     638.33      318.02]
  [     641.48      314.54]
  [     635.22      314.49]
  [     646.59      314.57]
  [     629.69      314.24]
  [     654.87      332.85]
  [     620.32      334.02]
  [     663.88      356.41]
  [     612.59      360.37]
  [     665.14      377.88]
  [     616.81      385.34]
  [     652.12      387.77]
  [      629.4      388.84]
  [     653.11      428.21]
  [      629.8       429.6]
  [     655.93      467.21]
  [      630.8         469]]

 [[     589.95      326.23]
  [          0           0]
  [     588.67      321.87]
  [          0           0]
  [     579.72      317.62]
  [     573.66      336.08]
  [     563.19      334.26]
  [          0           0]
  [     559.25      364.45]
  [          0           0]
  [     569.92      392.82]
  [     573.28      392.73]
  [     567.24      393.04]
  [     572.18      438.02]
  [     567.68      438.33]
  [     571.34       480.8]
  [     564.88      482.48]]]