[[[     727.61      302.95]
  [     731.14      298.81]
  [     722.65      298.46]
  [     734.32      300.69]
  [      712.3      299.37]
  [     742.71      326.83]
  [     697.87      326.13]
  [     753.46      358.84]
  [     689.93      360.76]
  [      756.2       388.7]
  [     688.05      393.57]
  [     738.03      397.99]
  [     708.63      398.26]
  [     738.32      451.93]
  [     709.64      451.86]
  [     740.26       501.9]
  [      709.6      501.03]]

 [[     642.19      294.73]
  [        644      290.45]
  [     636.84      290.79]
  [          0           0]
  [     623.61      293.31]
  [     650.07      319.16]
  [     608.03      320.82]
  [     660.06      349.74]
  [     602.81      351.81]
  [     657.83      348.68]
  [     620.84      335.44]
  [     642.78      395.56]
  [     613.97       396.7]
  [      644.9      449.36]
  [     608.75      451.02]
  [     639.92      497.86]
  [     604.67      498.63]]]