[[[     457.63      93.406]
  [     475.57      83.777]
  [     441.62      81.123]
  [     496.87      113.24]
  [     415.72      107.13]
  [     529.93      211.82]
  [     368.62      202.86]
  [     572.42      326.96]
  [     334.83      313.05]
  [     528.16      330.55]
  [     427.66      327.88]
  [     515.45      467.01]
  [      403.2      466.27]
  [     538.58      655.78]
  [     408.49         657]
  [          0           0]
  [          0           0]]

 [[     812.15      142.26]
  [     829.45      129.63]
  [     797.75      125.47]
  [     846.24      143.72]
  [     768.28      134.16]
  [     874.76      230.09]
  [     725.63      227.59]
  [     918.58      334.31]
  [     705.07       338.7]
  [     923.07      438.28]
  [        688       438.8]
  [     859.23      460.76]
  [     759.59      460.32]
  [     864.19      637.61]
  [     746.67      634.37]
  [          0           0]
  [          0           0]]]