[[[     790.94      260.82]
  [     799.99      254.41]
  [        785      253.81]
  [     816.79      259.46]
  [          0           0]
  [     838.28      302.46]
  [     763.66      302.58]
  [     857.78      356.62]
  [     755.04      356.59]
  [     853.99      412.71]
  [     745.05      406.52]
  [      823.7      424.68]
  [     774.53      423.84]
  [     831.24      519.07]
  [     784.71      512.78]
  [     839.34      605.97]
  [     799.39      594.65]]

 [[     588.86      254.34]
  [     595.64      247.16]
  [     580.82      246.08]
  [          0           0]
  [     563.34       247.1]
  [     596.09      294.71]
  [     545.52      291.58]
  [     599.39       353.5]
  [     532.11      348.62]
  [     618.57      399.72]
  [      549.2      403.61]
  [     595.21      414.76]
  [     560.73      416.18]
  [     588.52      502.54]
  [      552.6      510.92]
  [     573.81      586.31]
  [      533.2      601.99]]]