[[[      647.7      313.83]
  [      651.8       310.8]
  [     646.05      310.79]
  [     660.54      312.93]
  [          0           0]
  [     669.52       334.1]
  [     635.54      334.02]
  [     679.51      360.24]
  [     625.51      354.25]
  [     679.23      382.89]
  [     631.49      356.43]
  [     660.36      389.15]
  [     637.44      388.75]
  [      658.8      430.29]
  [     633.12      429.73]
  [     653.76      470.67]
  [     624.16      469.67]]

 [[      571.4      317.26]
  [     573.61      313.54]
  [     567.18      313.28]
  [          0           0]
  [     556.31      313.78]
  [      567.4      335.62]
  [        550      336.45]
  [     572.24      365.13]
  [     548.16      370.04]
  [      579.2      389.55]
  [     560.96      394.73]
  [     570.76      393.33]
  [     560.22      394.42]
  [     567.78      439.09]
  [     561.98      439.63]
  [     562.69      482.21]
  [     554.92      482.68]]]