[[[     649.34      317.78]
  [      651.7      313.93]
  [     645.63      314.74]
  [     656.87      313.51]
  [     640.47       315.2]
  [     668.29      332.38]
  [     635.12      334.71]
  [     675.12      359.46]
  [     625.12       350.6]
  [     677.78       383.5]
  [     640.34      326.83]
  [     659.75      389.07]
  [     637.69      390.29]
  [     657.85      429.68]
  [     633.87      431.05]
  [      654.1      467.87]
  [     630.18      466.63]]

 [[     576.97      314.58]
  [          0           0]
  [     573.13      311.18]
  [          0           0]
  [     561.87       313.7]
  [     567.06      333.84]
  [     555.91      336.13]
  [          0           0]
  [     554.61      367.47]
  [          0           0]
  [     568.13      390.98]
  [     567.63      391.96]
  [     561.23      393.19]
  [     562.79      438.69]
  [     560.42      439.18]
  [     556.59      481.76]
  [     553.51      482.87]]]