[[[     640.77      313.81]
  [     644.59      310.49]
  [     638.35       310.6]
  [     653.36      311.99]
  [     635.56      312.11]
  [     664.22      333.13]
  [      628.7      333.75]
  [     668.36      359.12]
  [     619.74       358.7]
  [     654.46      374.69]
  [     634.68      370.05]
  [     655.79      389.38]
  [     631.45      389.37]
  [     655.83      431.28]
  [     628.12      432.06]
  [     655.59      469.78]
  [     622.74      470.89]]

 [[     575.97      316.61]
  [     578.37         313]
  [     571.99      312.63]
  [          0           0]
  [     561.34      313.01]
  [     570.82      335.01]
  [     553.99      334.77]
  [     574.08      364.36]
  [     552.02      366.55]
  [     581.79      388.85]
  [     565.37       391.8]
  [      572.2      391.65]
  [     561.86      392.26]
  [     568.19      437.85]
  [     562.69      438.13]
  [     562.88       481.6]
  [     554.68      482.01]]]