[[[     638.39      313.85]
  [     641.35      310.67]
  [     635.25      310.91]
  [     647.55      312.33]
  [     630.72      312.68]
  [     659.17      332.38]
  [     623.04      332.36]
  [     666.54      357.23]
  [     615.81      356.74]
  [     651.59      349.38]
  [      632.7      347.18]
  [     651.47      388.45]
  [     626.51      388.34]
  [     652.63      430.39]
  [     623.56      431.04]
  [     656.58      470.71]
  [     622.19      471.35]]

 [[     583.17      316.07]
  [          0           0]
  [     580.29      312.26]
  [          0           0]
  [     569.34      313.15]
  [     568.26      333.71]
  [     559.41      334.59]
  [          0           0]
  [     557.05      366.03]
  [          0           0]
  [     570.37      391.51]
  [     570.21      391.88]
  [     565.28      392.88]
  [     567.25      437.46]
  [     564.49      437.91]
  [     560.27      481.18]
  [     556.44      482.23]]]