[[[        708      320.53]
  [     712.71      316.99]
  [     705.57       316.6]
  [     722.12      318.77]
  [          0           0]
  [     733.24      340.93]
  [     695.22      340.84]
  [        744      370.45]
  [     688.49       369.8]
  [     740.91      399.78]
  [     681.71      395.61]
  [     724.46      405.89]
  [     699.84      405.24]
  [     728.79      456.56]
  [     704.76      453.38]
  [     732.12      504.21]
  [     712.04      499.16]]

 [[     607.79      319.49]
  [          0           0]
  [     605.34      314.78]
  [          0           0]
  [     594.35      312.47]
  [     599.27      336.08]
  [     575.77      335.12]
  [     601.07      369.87]
  [     570.42       370.6]
  [     610.15      394.39]
  [     580.75      401.18]
  [     600.15      402.21]
  [      584.6      403.13]
  [     599.16       450.2]
  [     577.11      452.95]
  [     588.58      494.84]
  [     569.91      499.94]]]