[[[     768.85       196.3]
  [     779.35      187.45]
  [      757.5       186.4]
  [     792.49      199.85]
  [     740.57      197.91]
  [     816.13      262.22]
  [     712.13      263.34]
  [     844.98      330.39]
  [     694.58      337.75]
  [     816.04      361.27]
  [      752.2      360.08]
  [     814.87      426.49]
  [     746.42      428.53]
  [      823.9      546.13]
  [     749.78      544.39]
  [     825.59      658.79]
  [      760.1      658.22]]

 [[      570.2      211.13]
  [     581.38      200.59]
  [     559.86      194.37]
  [          0           0]
  [     525.89      184.73]
  [     570.76      263.14]
  [     490.48      253.37]
  [     574.71      355.67]
  [     485.69      356.74]
  [     594.14      424.99]
  [     516.65      445.13]
  [     579.84      446.62]
  [     525.62      446.42]
  [     565.11       597.7]
  [     522.47      595.67]
  [     544.54      706.01]
  [      508.5         720]]]