[[[     643.82      314.94]
  [      646.4      311.45]
  [     640.65      312.23]
  [     653.69      312.22]
  [     637.99      313.63]
  [      667.3       333.9]
  [     633.27      326.89]
  [     679.93      355.97]
  [     611.26       325.3]
  [     679.81      383.76]
  [     627.44         310]
  [     656.99      390.81]
  [     634.97      387.27]
  [     656.11      432.85]
  [     629.44      430.46]
  [     656.36      472.19]
  [     620.92      472.45]]

 [[     575.64      316.28]
  [          0           0]
  [     573.25      312.64]
  [          0           0]
  [     563.45       313.2]
  [     564.89      334.35]
  [     551.22       335.3]
  [          0           0]
  [     546.46      366.56]
  [          0           0]
  [     557.79      392.51]
  [     565.79      394.89]
  [     558.24      396.03]
  [        562      440.35]
  [     558.87      441.46]
  [     554.85      481.64]
  [     553.99      483.96]]]