[[[     864.06      322.06]
  [     868.58      317.47]
  [      862.7      317.75]
  [     883.29      315.69]
  [          0           0]
  [     903.57      338.26]
  [     862.14      340.71]
  [     917.33      368.05]
  [     854.57       371.4]
  [     915.38      401.43]
  [      848.9      398.72]
  [     894.84       409.8]
  [     868.34      409.82]
  [     899.07      463.33]
  [     874.04      460.27]
  [     905.32      513.04]
  [     884.22      509.14]]

 [[     746.71      315.65]
  [      747.7      311.77]
  [     742.03      311.74]
  [          0           0]
  [     728.81      312.95]
  [        745      336.99]
  [     712.97      335.76]
  [     749.57      367.32]
  [        707      370.12]
  [     767.44      386.53]
  [     718.61      399.44]
  [     740.99      402.91]
  [     718.94      403.73]
  [     752.09      449.56]
  [     713.92      451.34]
  [     741.31      495.26]
  [     712.82      498.09]]]