[[[      628.6      319.41]
  [     631.63      316.04]
  [     626.22       316.5]
  [     639.77      314.46]
  [     623.65      315.69]
  [      652.4      333.15]
  [     618.26       334.7]
  [     662.27      358.56]
  [     612.48      362.09]
  [      662.8      381.22]
  [     608.83      385.16]
  [     648.14      388.71]
  [     626.33      389.23]
  [     651.06      429.61]
  [     633.88      429.02]
  [      654.8      468.78]
  [     636.72      468.49]]

 [[     574.73      324.42]
  [          0           0]
  [      572.9      320.18]
  [          0           0]
  [     563.29      317.15]
  [     564.86      335.05]
  [     547.86       334.5]
  [     571.93      361.66]
  [     550.46      362.87]
  [     585.32      367.04]
  [     576.71      368.91]
  [     567.51      390.92]
  [     557.06      392.34]
  [     564.76      436.63]
  [      559.1      438.72]
  [     555.69      479.75]
  [     553.95      483.47]]]