[[[      647.4      312.91]
  [     650.45       309.8]
  [     644.55      310.01]
  [     656.31      312.41]
  [     640.47      312.78]
  [     666.83      332.49]
  [     632.66      333.31]
  [     680.39      353.86]
  [     621.32      356.01]
  [     670.14      365.73]
  [     632.64      370.65]
  [     659.14      387.27]
  [     637.16      387.21]
  [     656.59      429.61]
  [      633.9      429.13]
  [     653.61      470.33]
  [     629.03      469.35]]

 [[     578.32      319.16]
  [     579.77      315.47]
  [     574.96       315.1]
  [          0           0]
  [     563.52      314.44]
  [     567.29      335.29]
  [     554.09      334.86]
  [          0           0]
  [     551.33      365.31]
  [          0           0]
  [     561.71      390.92]
  [     568.89       392.3]
  [     561.28      392.88]
  [     562.35      438.32]
  [     560.37      438.78]
  [     556.12      481.69]
  [     553.07      482.93]]]