[[[          0           0]
  [          0           0]
  [          0           0]
  [     711.14      306.36]
  [          0           0]
  [     716.01      323.29]
  [      749.5      321.05]
  [     713.51      355.96]
  [     765.64      351.51]
  [     708.68      372.47]
  [     747.12      364.21]
  [     727.81      392.01]
  [     751.83      391.13]
  [     724.35      441.36]
  [     756.75      442.74]
  [     728.81      491.16]
  [     764.79      494.83]]

 [[     585.73      316.43]
  [          0           0]
  [     582.63      312.71]
  [          0           0]
  [     571.04      313.44]
  [     575.58       336.1]
  [      557.2      335.04]
  [     576.18      366.49]
  [     552.85      365.57]
  [     584.46      389.68]
  [     565.15      391.17]
  [     574.01      392.71]
  [     562.21       393.3]
  [     576.66      437.72]
  [     564.53         438]
  [     572.69      480.33]
  [     561.57      481.78]]]