[[[     690.26      294.88]
  [     695.32      288.46]
  [     685.43      289.74]
  [     709.32      286.56]
  [          0           0]
  [     732.24      318.38]
  [     677.08      324.25]
  [     746.72       356.2]
  [     667.81      365.67]
  [     759.06      393.92]
  [      658.6       404.5]
  [     727.08      413.77]
  [     690.62      416.21]
  [     734.01      481.46]
  [      697.5       482.5]
  [     739.54      541.83]
  [     703.25      543.52]]

 [[     615.16      320.67]
  [          0           0]
  [     614.74      313.15]
  [          0           0]
  [     601.09      300.26]
  [      587.2       326.3]
  [     572.54      319.32]
  [          0           0]
  [     566.02      369.17]
  [          0           0]
  [     580.04      413.96]
  [     582.19      421.72]
  [     573.98      421.29]
  [     582.28      496.28]
  [     578.37      497.74]
  [     578.51      566.65]
  [      574.4      573.01]]]