[[[     646.47      317.42]
  [     649.65      313.94]
  [     643.77      314.33]
  [     657.31      313.94]
  [     640.52      314.83]
  [     669.51       333.5]
  [        635      335.37]
  [     677.17      359.51]
  [     627.25      357.42]
  [     676.86      383.35]
  [      631.5      359.87]
  [     660.45      389.21]
  [     637.69      389.59]
  [     657.74       429.4]
  [      634.6         430]
  [     653.76      467.96]
  [      630.2      467.61]]

 [[     579.01      317.12]
  [          0           0]
  [     575.84      313.45]
  [          0           0]
  [     564.67      314.39]
  [     566.08      334.64]
  [     555.92      335.56]
  [          0           0]
  [     554.97      366.66]
  [          0           0]
  [     567.21       392.2]
  [     567.63       392.6]
  [     561.83      393.52]
  [     562.99      438.71]
  [     560.65      439.04]
  [     556.94      481.86]
  [     553.48      482.88]]]