[[[     656.53      318.78]
  [     659.83      314.35]
  [     654.23      314.61]
  [     668.01      311.59]
  [          0           0]
  [     679.21       330.4]
  [     657.56      330.85]
  [     687.13      358.21]
  [     659.85      358.37]
  [     666.34      374.56]
  [     651.47      379.51]
  [     671.67      387.87]
  [     657.51      386.31]
  [     666.75      430.86]
  [     656.06      426.05]
  [     679.32      471.35]
  [     673.34       464.1]]

 [[     591.88      323.63]
  [          0           0]
  [     589.52      319.35]
  [          0           0]
  [     579.13       316.3]
  [     575.59      335.96]
  [     565.61      333.58]
  [          0           0]
  [     559.24      362.93]
  [          0           0]
  [     572.46      390.57]
  [     572.83       393.1]
  [     567.25      393.28]
  [     576.24      436.62]
  [     574.84      436.79]
  [      568.8      478.62]
  [     565.71      480.45]]]