[[[     599.29      286.89]
  [     605.52       280.7]
  [     594.26      280.38]
  [     617.32      276.36]
  [     586.72      275.57]
  [     634.11      305.56]
  [     574.66      306.49]
  [     647.77      343.21]
  [     564.98      347.45]
  [     657.64         381]
  [     557.46      386.44]
  [     628.08      402.73]
  [     588.99      403.81]
  [     636.65      471.76]
  [     595.01      472.58]
  [     635.35      534.56]
  [     600.82      537.72]]

 [[      497.1       289.6]
  [        503      284.32]
  [     493.33      280.75]
  [          0           0]
  [     475.64      273.94]
  [     480.75      314.43]
  [     454.18      306.37]
  [          0           0]
  [     453.09      359.72]
  [          0           0]
  [     473.26      405.78]
  [      481.2      411.38]
  [     464.58       410.8]
  [     477.22       490.2]
  [     470.26      492.82]
  [     471.71      567.49]
  [     458.57      575.16]]]